0	45	1.193853e+00	7.148642e-01	7.127246e-01
1	45	1.053476e+00	6.979289e-01	6.920817e-01
2	45	1.211254e+00	1.338112e+00	1.356665e+00
3	45	1.098126e+00	1.040609e+00	1.067155e+00
4	45	9.195081e-01	8.834553e-01	9.109194e-01
5	45	9.278069e-01	1.639474e+00	1.657817e+00
6	45	1.242648e+00	8.442563e-01	8.419442e-01
7	45	1.216154e+00	6.411872e-01	6.415373e-01
8	45	6.825292e-01	1.064598e+00	1.064176e+00
9	45	1.444728e+00	1.214044e+00	1.232304e+00
10	45	1.152634e+00	7.729205e-01	7.475508e-01
11	45	8.548912e-01	1.173992e+00	1.178148e+00
12	45	1.221558e+00	9.873495e-01	9.896009e-01
13	45	8.325265e-01	6.148539e-01	6.304522e-01
14	45	1.055631e+00	1.074811e+00	1.091994e+00
15	45	1.004269e+00	8.537441e-01	8.478151e-01
16	45	1.187850e+00	7.983845e-01	7.937917e-01
17	45	1.129269e+00	1.171008e+00	1.200746e+00
18	45	1.620941e+00	6.781151e-01	6.766032e-01
19	45	8.336342e-01	1.386702e+00	1.400753e+00
20	45	9.296758e-01	1.066098e+00	1.063182e+00
21	45	1.032547e+00	1.350293e+00	1.348580e+00
22	45	1.254422e+00	1.081846e+00	1.081814e+00
23	45	1.182473e+00	9.091874e-01	9.118768e-01
24	45	6.228851e-01	8.441651e-01	8.479588e-01
25	45	1.012564e+00	1.455764e+00	1.642832e+00
26	45	1.278860e+00	9.001128e-01	9.303257e-01
27	45	1.029390e+00	1.883458e+00	1.891316e+00
28	45	8.920072e-01	6.227184e-01	6.186518e-01
29	45	9.483481e-01	8.073179e-01	8.092087e-01
30	45	1.070829e+00	1.106337e+00	1.114901e+00
31	45	1.101072e+00	1.147074e+00	1.196662e+00
32	45	1.022624e+00	9.291516e-01	9.214519e-01
33	45	1.018258e+00	1.078358e+00	1.180223e+00
34	45	1.026869e+00	8.598680e-01	8.469725e-01
35	45	8.730835e-01	7.337284e-01	7.504801e-01
36	45	8.171194e-01	6.672956e-01	6.563383e-01
37	45	9.509670e-01	1.475125e+00	1.609644e+00
38	45	8.725162e-01	7.853800e-01	7.761998e-01
39	45	8.899207e-01	1.204498e+00	1.201904e+00
40	45	8.469520e-01	1.071870e+00	1.071314e+00
41	45	1.193379e+00	1.538232e+00	1.753399e+00
42	45	1.242307e+00	1.040585e+00	1.031899e+00
43	45	1.373598e+00	1.130928e+00	1.115005e+00
44	45	8.922401e-01	1.202392e+00	1.204842e+00
45	45	1.037413e+00	1.227730e+00	1.211698e+00
46	45	1.400958e+00	6.107779e-01	6.065270e-01
47	45	1.269989e+00	9.314196e-01	9.254868e-01
48	45	9.551847e-01	9.738422e-01	1.005977e+00
49	45	1.194748e+00	1.384542e+00	1.375921e+00
50	45	9.527074e-01	1.262997e+00	1.290068e+00
51	45	8.645307e-01	1.323087e+00	1.399136e+00
52	45	1.317521e+00	7.481251e-01	7.536450e-01
53	45	6.574611e-01	1.503638e+00	1.459518e+00
54	45	9.959635e-01	8.930735e-01	8.721964e-01
55	45	6.958128e-01	1.281813e+00	1.280573e+00
56	45	7.664347e-01	9.284150e-01	9.292206e-01
57	45	9.983098e-01	1.571291e+00	1.608358e+00
58	45	1.242368e+00	1.148821e+00	1.155397e+00
59	45	8.406324e-01	8.955909e-01	9.099489e-01
60	45	9.012164e-01	1.049831e+00	9.764780e-01
61	45	8.183497e-01	1.294157e+00	1.295865e+00
62	45	1.163297e+00	8.971257e-01	9.256470e-01
63	45	1.149342e+00	8.160150e-01	8.200165e-01
64	45	8.979891e-01	9.442155e-01	9.257321e-01
65	45	9.577609e-01	9.309073e-01	9.345130e-01
66	45	9.402691e-01	9.945195e-01	1.028509e+00
67	45	9.774467e-01	1.018080e+00	1.082025e+00
68	45	7.338403e-01	1.182909e+00	1.180999e+00
69	45	6.990494e-01	1.144258e+00	1.172920e+00
70	45	9.265869e-01	7.722460e-01	8.828651e-01
71	45	6.968177e-01	1.118089e+00	1.127673e+00
72	45	7.323872e-01	1.259237e+00	1.253131e+00
73	45	1.272913e+00	1.095294e+00	1.102227e+00
74	45	1.379174e+00	1.018792e+00	1.019901e+00
75	45	7.636330e-01	9.438048e-01	9.565992e-01
76	45	1.237573e+00	1.389626e+00	1.361368e+00
77	45	1.033646e+00	9.427505e-01	9.418672e-01
78	45	1.363249e+00	1.159058e+00	1.160256e+00
79	45	6.084089e-01	1.224584e+00	1.221899e+00
80	45	7.676500e-01	1.038700e+00	1.165312e+00
81	45	9.338551e-01	7.237120e-01	7.338233e-01
82	45	8.969916e-01	8.513794e-01	8.514594e-01
83	45	1.111321e+00	1.702696e+00	1.684828e+00
84	45	1.685202e+00	6.344032e-01	6.736088e-01
85	45	1.201737e+00	8.386939e-01	9.468980e-01
86	45	8.197935e-01	1.304579e+00	1.336634e+00
87	45	1.163766e+00	9.407535e-01	9.419909e-01
88	45	8.675492e-01	9.694789e-01	1.059008e+00
89	45	1.289519e+00	1.358332e+00	1.435991e+00
90	45	1.277926e+00	9.288898e-01	9.657787e-01
91	45	8.800936e-01	1.108377e+00	1.108811e+00
92	45	1.597806e+00	1.462505e+00	1.465030e+00
93	45	1.223025e+00	1.247192e+00	1.311083e+00
94	45	9.429301e-01	1.151036e+00	1.123550e+00
95	45	1.101739e+00	1.247647e+00	1.382767e+00
96	45	8.495564e-01	1.990143e+00	1.890484e+00
97	45	9.129486e-01	8.893503e-01	8.683396e-01
98	45	1.130464e+00	1.253074e+00	1.240484e+00
99	45	1.184096e+00	1.010472e+00	1.052651e+00
100	45	5.936737e-01	1.063872e+00	1.064754e+00
101	45	1.343057e+00	1.329013e+00	1.379226e+00
102	45	8.952927e-01	8.691125e-01	9.011366e-01
103	45	6.460453e-01	9.762050e-01	9.693314e-01
104	45	1.306106e+00	1.309660e+00	1.310010e+00
105	45	9.023020e-01	9.362185e-01	9.189403e-01
106	45	8.651971e-01	1.667896e+00	1.652985e+00
107	45	8.841637e-01	1.127412e+00	1.125850e+00
108	45	7.033887e-01	1.364461e+00	1.339323e+00
109	45	1.094319e+00	1.939483e+00	1.922564e+00
110	45	1.249183e+00	1.168100e+00	1.226293e+00
111	45	6.425983e-01	8.481523e-01	8.649675e-01
112	45	9.940887e-01	1.177497e+00	1.181747e+00
113	45	9.149239e-01	1.183916e+00	1.211928e+00
114	45	1.136039e+00	1.103764e+00	1.139003e+00
115	45	6.159596e-01	1.051274e+00	1.074426e+00
116	45	1.154441e+00	8.758199e-01	9.603887e-01
117	45	8.874159e-01	1.152739e+00	1.177084e+00
118	45	9.059726e-01	8.466226e-01	8.291687e-01
119	45	1.550588e+00	1.482650e+00	1.528188e+00
120	45	7.315496e-01	8.879124e-01	9.726287e-01
121	45	8.433526e-01	8.873660e-01	9.098677e-01
122	45	1.182263e+00	7.570717e-01	7.548314e-01
123	45	9.696815e-01	1.027626e+00	1.004617e+00
124	45	8.259322e-01	1.133205e+00	1.197028e+00
125	45	1.008574e+00	8.169365e-01	8.196687e-01
126	45	8.757362e-01	1.049710e+00	1.159650e+00
127	45	9.587175e-01	1.084852e+00	1.080772e+00
128	45	1.146792e+00	8.866312e-01	8.967469e-01
129	45	9.577713e-01	6.557182e-01	6.590157e-01
130	45	7.389512e-01	1.425810e+00	1.387864e+00
131	45	1.283842e+00	9.741897e-01	9.857665e-01
132	45	1.039157e+00	9.888031e-01	9.985889e-01
133	45	9.058137e-01	1.201249e+00	1.220283e+00
134	45	1.045333e+00	7.402525e-01	7.406167e-01
135	45	1.094333e+00	1.172184e+00	1.126460e+00
136	45	8.374512e-01	1.371895e+00	1.401705e+00
137	45	1.057057e+00	7.196773e-01	7.449880e-01
138	45	1.027310e+00	1.334187e+00	1.314211e+00
139	45	1.066555e+00	8.684150e-01	8.769035e-01
140	45	1.147402e+00	7.842447e-01	7.791557e-01
141	45	1.219464e+00	1.649880e+00	1.676809e+00
142	45	9.067049e-01	1.011743e+00	1.037463e+00
143	45	1.033490e+00	1.100942e+00	1.087904e+00
144	45	7.909264e-01	1.781902e+00	1.737262e+00
145	45	4.862200e-01	1.042402e+00	1.060682e+00
146	45	1.172576e+00	8.095700e-01	8.156954e-01
147	45	1.280413e+00	2.007118e+00	2.079293e+00
148	45	1.333080e+00	1.325580e+00	1.407243e+00
149	45	7.375147e-01	1.065253e+00	1.161942e+00
150	45	9.258465e-01	1.543532e+00	1.520833e+00
151	45	9.598219e-01	1.704303e+00	2.020382e+00
152	45	1.040856e+00	1.067094e+00	1.076326e+00
153	45	1.183723e+00	1.087604e+00	1.051936e+00
154	45	9.601018e-01	9.976921e-01	9.914544e-01
155	45	1.360512e+00	9.197219e-01	9.114605e-01
156	45	1.232824e+00	1.145852e+00	1.186282e+00
157	45	1.204661e+00	1.436538e+00	1.569876e+00
158	45	7.915210e-01	1.098294e+00	1.104343e+00
159	45	8.299343e-01	1.432072e+00	1.446771e+00
160	45	8.297136e-01	1.209921e+00	1.177768e+00
161	45	8.285466e-01	7.617332e-01	8.048589e-01
162	45	1.351881e+00	1.348274e+00	1.309696e+00
163	45	8.867348e-01	9.810745e-01	1.004572e+00
164	45	1.289038e+00	1.333354e+00	1.380941e+00
165	45	1.255906e+00	8.586164e-01	8.325489e-01
166	45	7.332232e-01	1.356355e+00	1.351995e+00
167	45	9.309072e-01	9.137121e-01	9.221342e-01
168	45	5.952156e-01	1.212276e+00	1.247064e+00
169	45	7.292996e-01	1.020726e+00	1.245524e+00
170	45	1.226634e+00	1.371009e+00	1.424449e+00
171	45	9.720572e-01	9.783786e-01	1.001379e+00
172	45	1.027818e+00	1.063146e+00	1.063448e+00
173	45	1.694294e+00	1.345834e+00	1.339439e+00
174	45	9.269762e-01	1.078730e+00	1.140824e+00
175	45	1.422604e+00	1.243606e+00	1.235254e+00
176	45	1.323628e+00	1.104594e+00	1.111495e+00
177	45	8.887706e-01	1.217926e+00	1.209086e+00
178	45	8.671698e-01	1.047870e+00	1.090842e+00
179	45	6.293058e-01	1.026359e+00	1.043967e+00
180	45	8.186018e-01	1.471682e+00	1.501576e+00
181	45	9.986041e-01	1.010274e+00	1.009632e+00
182	45	1.228633e+00	9.822067e-01	9.760597e-01
183	45	8.009107e-01	1.165798e+00	1.095972e+00
184	45	7.522223e-01	1.158975e+00	1.202926e+00
185	45	8.771633e-01	1.091232e+00	1.089379e+00
186	45	8.167528e-01	1.788646e+00	1.977152e+00
187	45	8.937552e-01	1.037977e+00	1.070443e+00
188	45	8.862789e-01	9.950277e-01	1.007031e+00
189	45	1.275749e+00	1.208447e+00	1.226574e+00
190	45	6.658215e-01	1.223906e+00	1.238327e+00
191	45	1.028027e+00	7.232367e-01	7.656324e-01
192	45	1.262131e+00	1.138137e+00	1.181217e+00
193	45	9.137309e-01	7.784057e-01	7.723937e-01
194	45	1.204843e+00	8.973462e-01	9.187085e-01
195	45	1.216159e+00	1.096995e+00	1.096655e+00
196	45	1.133803e+00	1.148367e+00	1.141331e+00
197	45	1.029723e+00	1.097001e+00	1.125848e+00
198	45	8.309711e-01	1.002928e+00	9.946202e-01
199	45	8.961328e-01	9.535600e-01	9.692454e-01
200	45	1.319974e+00	8.158791e-01	9.799211e-01
201	45	1.071093e+00	1.058739e+00	1.054331e+00
202	45	9.362582e-01	1.069075e+00	1.065945e+00
203	45	9.278423e-01	1.585618e+00	1.757324e+00
204	45	8.775601e-01	8.435482e-01	9.479360e-01
205	45	8.208846e-01	1.273129e+00	1.278204e+00
206	45	1.048244e+00	1.080142e+00	1.224395e+00
207	45	1.130285e+00	1.061601e+00	1.088973e+00
208	45	1.388099e+00	1.166856e+00	1.122143e+00
209	45	1.389309e+00	1.009718e+00	1.006323e+00
210	45	1.256911e+00	1.530352e+00	1.572857e+00
211	45	8.373337e-01	8.441827e-01	8.226036e-01
212	45	9.301589e-01	1.151632e+00	1.151645e+00
213	45	1.207060e+00	8.876157e-01	9.336934e-01
214	45	9.697061e-01	9.848002e-01	1.041145e+00
215	45	6.664131e-01	1.567221e+00	1.466911e+00
216	45	7.751660e-01	8.065514e-01	8.633176e-01
217	45	1.115273e+00	1.092969e+00	1.081636e+00
218	45	1.025598e+00	7.119888e-01	7.557443e-01
219	45	1.165424e+00	1.028186e+00	1.075003e+00
220	45	9.770362e-01	1.034602e+00	1.037271e+00
221	45	9.053365e-01	1.360707e+00	1.345075e+00
222	45	5.623993e-01	8.769453e-01	8.926887e-01
223	45	9.019114e-01	8.977166e-01	8.815000e-01
224	45	8.879055e-01	1.144080e+00	1.208943e+00
225	45	8.542877e-01	9.902792e-01	1.007367e+00
226	45	1.025772e+00	5.712456e-01	5.800818e-01
227	45	6.579267e-01	8.103657e-01	8.315572e-01
228	45	1.270581e+00	1.236628e+00	1.242456e+00
229	45	1.301577e+00	7.407653e-01	7.727021e-01
230	45	8.209250e-01	1.162744e+00	1.165418e+00
231	45	8.114846e-01	1.389317e+00	1.423710e+00
232	45	1.012299e+00	1.246979e+00	1.233901e+00
233	45	1.093172e+00	5.903624e-01	6.361124e-01
234	45	5.694972e-01	8.310671e-01	9.113777e-01
235	45	6.885979e-01	1.283017e+00	1.416736e+00
236	45	1.114583e+00	1.391516e+00	1.399852e+00
237	45	5.466295e-01	7.460283e-01	7.861401e-01
238	45	1.145185e+00	1.100131e+00	1.085648e+00
239	45	9.421606e-01	8.060634e-01	7.626258e-01
240	45	1.095089e+00	9.813633e-01	9.770398e-01
241	45	1.226985e+00	1.242140e+00	1.254014e+00
242	45	7.457098e-01	8.512217e-01	8.794171e-01
243	45	1.025637e+00	1.382505e+00	1.436884e+00
244	45	1.026792e+00	1.093088e+00	1.080649e+00
245	45	5.804687e-01	1.428202e+00	1.471411e+00
246	45	1.026090e+00	1.201583e+00	1.233056e+00
247	45	1.023734e+00	8.516405e-01	8.505099e-01
248	45	9.509820e-01	1.186766e+00	1.254692e+00
249	45	6.732695e-01	1.139484e+00	1.293024e+00
250	45	1.116625e+00	7.944781e-01	8.147673e-01
251	45	1.253190e+00	1.377141e+00	1.455841e+00
252	45	1.343088e+00	1.120358e+00	1.138803e+00
253	45	1.029797e+00	6.996891e-01	7.444223e-01
254	45	7.571517e-01	1.438395e+00	1.438970e+00
255	45	1.321262e+00	1.076334e+00	1.075027e+00
256	45	1.076058e+00	8.730513e-01	8.241949e-01
257	45	1.060395e+00	1.563748e+00	1.610205e+00
258	45	8.890666e-01	1.127425e+00	1.134620e+00
259	45	9.122722e-01	1.047986e+00	1.036954e+00
260	45	1.282268e+00	1.479057e+00	1.469426e+00
261	45	8.536537e-01	1.156262e+00	1.153694e+00
262	45	1.104296e+00	1.006432e+00	1.018528e+00
263	45	7.425649e-01	9.450928e-01	9.402178e-01
264	45	8.133719e-01	8.729047e-01	9.205501e-01
265	45	7.590790e-01	1.691989e+00	1.685888e+00
266	45	8.834368e-01	9.084435e-01	9.468995e-01
267	45	8.156949e-01	1.121815e+00	1.114162e+00
268	45	1.489750e+00	1.168988e+00	1.192199e+00
269	45	8.988892e-01	1.464842e+00	1.458788e+00
270	45	9.466128e-01	1.285350e+00	1.288975e+00
271	45	1.039015e+00	8.510121e-01	8.830732e-01
272	45	8.928551e-01	1.369379e+00	1.369672e+00
273	45	1.170180e+00	7.082221e-01	8.208996e-01
274	45	1.097108e+00	1.383349e+00	1.509560e+00
275	45	6.518814e-01	1.102476e+00	1.291538e+00
276	45	8.546350e-01	1.234359e+00	1.259928e+00
277	45	9.524642e-01	1.434344e+00	1.441719e+00
278	45	8.092470e-01	9.915187e-01	1.059729e+00
279	45	8.608893e-01	1.152747e+00	1.126544e+00
280	45	7.648040e-01	9.357181e-01	9.042418e-01
281	45	9.961095e-01	1.429839e+00	1.464998e+00
282	45	8.665313e-01	1.407328e+00	1.396788e+00
283	45	1.358541e+00	1.396621e+00	1.390442e+00
284	45	1.231183e+00	9.619420e-01	9.705101e-01
285	45	7.085926e-01	8.968256e-01	8.983100e-01
286	45	1.088680e+00	1.014497e+00	1.084612e+00
287	45	7.399175e-01	6.071066e-01	6.144523e-01
288	45	9.354554e-01	1.132087e+00	1.194050e+00
289	45	1.106781e+00	1.236506e+00	1.237452e+00
290	45	7.089385e-01	1.583730e+00	1.560038e+00
291	45	1.304836e+00	7.512596e-01	7.531353e-01
292	45	1.275021e+00	1.330549e+00	1.375205e+00
293	45	1.127022e+00	1.228004e+00	1.280432e+00
294	45	1.037337e+00	1.438990e+00	1.468460e+00
295	45	6.875282e-01	1.114131e+00	1.127005e+00
296	45	8.369030e-01	1.223736e+00	1.439240e+00
297	45	9.960819e-01	1.156334e+00	1.175913e+00
298	45	8.963494e-01	8.076749e-01	8.433127e-01
299	45	1.045368e+00	1.039280e+00	1.106266e+00
300	45	7.031795e-01	1.028631e+00	1.051040e+00
301	45	9.125229e-01	8.571828e-01	8.860930e-01
302	45	9.225158e-01	8.521410e-01	8.766521e-01
303	45	1.057214e+00	8.591125e-01	9.718341e-01
304	45	8.205634e-01	1.264616e+00	1.252983e+00
305	45	9.897111e-01	7.750080e-01	7.666705e-01
306	45	1.280027e+00	1.109598e+00	1.109629e+00
307	45	8.502355e-01	1.032691e+00	1.066931e+00
308	45	1.006724e+00	1.019791e+00	1.055597e+00
309	45	1.017605e+00	8.715513e-01	8.763688e-01
310	45	8.804213e-01	8.819882e-01	8.946289e-01
311	45	9.616991e-01	8.541274e-01	9.194311e-01
312	45	1.374272e+00	1.172939e+00	1.237012e+00
313	45	7.244234e-01	1.417294e+00	1.414279e+00
314	45	9.470503e-01	9.501280e-01	9.501305e-01
315	45	1.272302e+00	1.630568e+00	1.636479e+00
316	45	7.616922e-01	9.360338e-01	9.262333e-01
317	45	9.160820e-01	1.079273e+00	1.096376e+00
318	45	1.162031e+00	7.500563e-01	8.023610e-01
319	45	7.733558e-01	1.291885e+00	1.557905e+00
320	45	7.990747e-01	1.037920e+00	1.044362e+00
321	45	1.011602e+00	1.523607e+00	1.495430e+00
322	45	8.775039e-01	7.248721e-01	7.885572e-01
323	45	9.631502e-01	1.497494e+00	1.496581e+00
324	45	1.583851e+00	1.362576e+00	1.349003e+00
325	45	9.822880e-01	1.161857e+00	1.181120e+00
326	45	1.103686e+00	7.105063e-01	7.083442e-01
327	45	9.219900e-01	1.183511e+00	1.194704e+00
328	45	8.798267e-01	1.433132e+00	1.403729e+00
329	45	9.045904e-01	1.112850e+00	1.102930e+00
330	45	9.805782e-01	7.529852e-01	7.467697e-01
331	45	9.137274e-01	1.157124e+00	1.156883e+00
332	45	1.145099e+00	1.242624e+00	1.247622e+00
333	45	1.155537e+00	6.519899e-01	6.610346e-01
334	45	8.635261e-01	1.138384e+00	1.132896e+00
335	45	6.700239e-01	1.071327e+00	1.063864e+00
336	45	7.487989e-01	1.065708e+00	1.077789e+00
337	45	8.046690e-01	1.082357e+00	1.086325e+00
338	45	6.695175e-01	9.678537e-01	9.896431e-01
339	45	8.093150e-01	1.057401e+00	1.069141e+00
340	45	9.489318e-01	7.036352e-01	7.076018e-01
341	45	6.723070e-01	8.472616e-01	8.634336e-01
342	45	8.000010e-01	1.018183e+00	1.065773e+00
343	45	7.929406e-01	1.133152e+00	1.134558e+00
344	45	9.588245e-01	9.089138e-01	9.196791e-01
345	45	7.570191e-01	8.388153e-01	8.634907e-01
346	45	1.328779e+00	1.109233e+00	1.120116e+00
347	45	6.888158e-01	2.830250e+00	2.853854e+00
348	45	8.721900e-01	1.553669e+00	1.631110e+00
349	45	1.086316e+00	1.338575e+00	1.461155e+00
350	45	1.172985e+00	8.813631e-01	8.871761e-01
351	45	9.604162e-01	1.640693e+00	1.678815e+00
352	45	1.285774e+00	1.218378e+00	1.204764e+00
353	45	1.454696e+00	1.106327e+00	1.094605e+00
354	45	7.128949e-01	8.442818e-01	8.214220e-01
355	45	9.663224e-01	9.242014e-01	9.379931e-01
356	45	9.516354e-01	8.798442e-01	8.737012e-01
357	45	7.256294e-01	1.088932e+00	1.089932e+00
358	45	1.245431e+00	1.317757e+00	1.254059e+00
359	45	1.340824e+00	1.099190e+00	1.133353e+00
360	45	9.819381e-01	1.552553e+00	1.540522e+00
361	45	9.893895e-01	1.162754e+00	1.161326e+00
362	45	7.880613e-01	2.260236e+00	2.276936e+00
363	45	1.084138e+00	1.056226e+00	1.056422e+00
364	45	9.555712e-01	9.081882e-01	9.091502e-01
365	45	6.994503e-01	1.202178e+00	1.212938e+00
366	45	8.016608e-01	9.087239e-01	9.477703e-01
367	45	1.018348e+00	8.203506e-01	8.164797e-01
368	45	8.428798e-01	1.218557e+00	1.200639e+00
369	45	1.050673e+00	7.907657e-01	8.332444e-01
370	45	8.783790e-01	8.454168e-01	8.126444e-01
371	45	9.834648e-01	1.099022e+00	1.099848e+00
372	45	1.127513e+00	9.549569e-01	1.125777e+00
373	45	1.004386e+00	8.332041e-01	9.550556e-01
374	45	1.476355e+00	1.094084e+00	1.087968e+00
375	45	1.145277e+00	1.656005e+00	1.642076e+00
376	45	9.886259e-01	1.223894e+00	1.240023e+00
377	45	1.004128e+00	1.403559e+00	1.419039e+00
378	45	1.139430e+00	7.622865e-01	7.616093e-01
379	45	1.013908e+00	9.929440e-01	9.886568e-01
380	45	9.861729e-01	1.256937e+00	1.420169e+00
381	45	8.069719e-01	1.280073e+00	1.277462e+00
382	45	1.402949e+00	8.710364e-01	8.312538e-01
383	45	1.060493e+00	1.686396e+00	1.713505e+00
384	45	1.176724e+00	1.264084e+00	1.301891e+00
385	45	8.471491e-01	1.192189e+00	1.190088e+00
386	45	8.576903e-01	1.362443e+00	1.369851e+00
387	45	1.178625e+00	1.700224e+00	1.683073e+00
388	45	1.321403e+00	9.161943e-01	9.137999e-01
389	45	9.226026e-01	1.107670e+00	1.106913e+00
390	45	8.866476e-01	1.097462e+00	1.115290e+00
391	45	8.792253e-01	8.946325e-01	9.187337e-01
392	45	8.378437e-01	7.878264e-01	7.861275e-01
393	45	8.199202e-01	1.083898e+00	1.042429e+00
394	45	1.079226e+00	6.900025e-01	7.109095e-01
395	45	1.198945e+00	8.398183e-01	8.320334e-01
396	45	1.049750e+00	6.219025e-01	6.741819e-01
397	45	8.891215e-01	9.130268e-01	9.196835e-01
398	45	1.328180e+00	8.961956e-01	8.946109e-01
399	45	9.078942e-01	7.188245e-01	7.366761e-01
400	45	8.267525e-01	1.441595e+00	1.431434e+00
401	45	1.314198e+00	1.117409e+00	1.119428e+00
402	45	1.026231e+00	1.672571e+00	1.891138e+00
403	45	9.413697e-01	9.556839e-01	9.510032e-01
404	45	1.099815e+00	1.262269e+00	1.297105e+00
405	45	1.124004e+00	6.096666e-01	7.289398e-01
406	45	8.406765e-01	1.274611e+00	1.302793e+00
407	45	1.187996e+00	1.119356e+00	1.118436e+00
408	45	1.301641e+00	1.054364e+00	1.052078e+00
409	45	7.524158e-01	1.336848e+00	1.380648e+00
410	45	1.308053e+00	1.172176e+00	1.162784e+00
411	45	7.572785e-01	1.483098e+00	1.523592e+00
412	45	9.260669e-01	7.497443e-01	7.381547e-01
413	45	1.248874e+00	1.018993e+00	1.015357e+00
414	45	1.023522e+00	1.027463e+00	1.055510e+00
415	45	7.406395e-01	1.372630e+00	1.359924e+00
416	45	1.073001e+00	9.255100e-01	8.997501e-01
417	45	9.659815e-01	9.285097e-01	9.286079e-01
418	45	1.105999e+00	8.961074e-01	8.948073e-01
419	45	1.011378e+00	1.026330e+00	1.043938e+00
420	45	1.065819e+00	1.023299e+00	1.052097e+00
421	45	1.077548e+00	1.266899e+00	1.340890e+00
422	45	1.222574e+00	1.113488e+00	1.107535e+00
423	45	8.708435e-01	7.005400e-01	6.995254e-01
424	45	1.197351e+00	1.212226e+00	1.204710e+00
425	45	8.412297e-01	9.837001e-01	1.008319e+00
426	45	8.506852e-01	9.748928e-01	9.527683e-01
427	45	6.568626e-01	8.463020e-01	8.748926e-01
428	45	1.127967e+00	1.412199e+00	1.437991e+00
429	45	1.042843e+00	1.072355e+00	1.154617e+00
430	45	1.294449e+00	9.439818e-01	9.502566e-01
431	45	9.738890e-01	1.037466e+00	1.028948e+00
432	45	1.036671e+00	1.211177e+00	1.219515e+00
433	45	9.292259e-01	5.902930e-01	5.835994e-01
434	45	1.168428e+00	2.127861e+00	2.675028e+00
435	45	1.117850e+00	1.054563e+00	1.135515e+00
436	45	9.299065e-01	8.353051e-01	9.256956e-01
437	45	8.672523e-01	7.023526e-01	7.099529e-01
438	45	6.674139e-01	1.315077e+00	1.312103e+00
439	45	1.116151e+00	1.286444e+00	1.272828e+00
440	45	1.072389e+00	7.243532e-01	9.223700e-01
441	45	8.261795e-01	7.960781e-01	8.326623e-01
442	45	1.082421e+00	1.313305e+00	1.311276e+00
443	45	1.088169e+00	9.768836e-01	9.755473e-01
444	45	1.256026e+00	1.727731e+00	1.906757e+00
445	45	9.357919e-01	1.194358e+00	1.266839e+00
446	45	6.960148e-01	6.448717e-01	6.607131e-01
447	45	1.300742e+00	1.080010e+00	1.056592e+00
448	45	8.340969e-01	7.313576e-01	7.179555e-01
449	45	7.357850e-01	1.009075e+00	1.041980e+00
450	45	1.024225e+00	1.068749e+00	1.076750e+00
451	45	8.854759e-01	1.038304e+00	1.072220e+00
452	45	1.243261e+00	1.000935e+00	1.009520e+00
453	45	1.033408e+00	1.409354e+00	1.415563e+00
454	45	6.173578e-01	1.414245e+00	1.405756e+00
455	45	1.106204e+00	9.402969e-01	1.001865e+00
456	45	1.262274e+00	8.003982e-01	8.276390e-01
457	45	1.609886e+00	1.083236e+00	1.063121e+00
458	45	7.680520e-01	1.134539e+00	1.174453e+00
459	45	1.016292e+00	1.089515e+00	1.127213e+00
460	45	1.183012e+00	6.345435e-01	6.222159e-01
461	45	9.283074e-01	1.039582e+00	1.038837e+00
462	45	1.296609e+00	8.108516e-01	8.329398e-01
463	45	8.668117e-01	8.446546e-01	8.564116e-01
464	45	6.863701e-01	1.000394e+00	1.017717e+00
465	45	1.048930e+00	9.437567e-01	1.014006e+00
466	45	1.157154e+00	1.112698e+00	1.263584e+00
467	45	1.286312e+00	1.095230e+00	1.191787e+00
468	45	9.911713e-01	9.727760e-01	9.892131e-01
469	45	6.842450e-01	1.096786e+00	1.084016e+00
470	45	8.464385e-01	1.541175e+00	1.545131e+00
471	45	7.449912e-01	1.022065e+00	1.046701e+00
472	45	9.187141e-01	5.867576e-01	5.904803e-01
473	45	1.142319e+00	9.787697e-01	9.847721e-01
474	45	1.046527e+00	1.470187e+00	1.470410e+00
475	45	1.398164e+00	9.022839e-01	9.127385e-01
476	45	1.127399e+00	1.071241e+00	1.074898e+00
477	45	8.882284e-01	9.934957e-01	9.698582e-01
478	45	1.356419e+00	1.126417e+00	1.264597e+00
479	45	9.673058e-01	2.208718e+00	2.257431e+00
480	45	8.913950e-01	1.443056e+00	1.473199e+00
481	45	7.917798e-01	7.492604e-01	7.493509e-01
482	45	1.006650e+00	7.682095e-01	7.616881e-01
483	45	9.853075e-01	1.062315e+00	1.044615e+00
484	45	1.204392e+00	1.026321e+00	1.002794e+00
485	45	7.909915e-01	1.715251e+00	1.732298e+00
486	45	1.210317e+00	1.215801e+00	1.212287e+00
487	45	8.008742e-01	1.031769e+00	1.031418e+00
488	45	9.293124e-01	8.313767e-01	8.330633e-01
489	45	1.191682e+00	8.672644e-01	8.883003e-01
490	45	1.263346e+00	1.128302e+00	1.206246e+00
491	45	7.853222e-01	1.029351e+00	1.016217e+00
492	45	1.021735e+00	8.121098e-01	8.162823e-01
493	45	1.214073e+00	1.426223e+00	1.446709e+00
494	45	9.979512e-01	8.129504e-01	9.578252e-01
495	45	1.050130e+00	9.926696e-01	1.007758e+00
496	45	8.562805e-01	1.180581e+00	1.207773e+00
497	45	1.120547e+00	1.624058e+00	1.715211e+00
498	45	7.065545e-01	7.227529e-01	7.206961e-01
499	45	8.450397e-01	1.219409e+00	1.268346e+00
500	45	1.148072e+00	1.035866e+00	1.051714e+00
501	45	8.578168e-01	1.031183e+00	1.046259e+00
502	45	7.769486e-01	1.129768e+00	1.132033e+00
503	45	1.155030e+00	9.732850e-01	9.814056e-01
504	45	1.131781e+00	1.216303e+00	1.219609e+00
505	45	8.943552e-01	9.673700e-01	9.678898e-01
506	45	9.390219e-01	7.404507e-01	7.410974e-01
507	45	1.069399e+00	6.300632e-01	6.313297e-01
508	45	1.041826e+00	1.537096e+00	1.554478e+00
509	45	1.283893e+00	1.270800e+00	1.269871e+00
510	45	1.036074e+00	1.295055e+00	1.198365e+00
511	45	7.817254e-01	6.547212e-01	6.922355e-01
512	45	9.471750e-01	8.672727e-01	8.438368e-01
513	45	9.145059e-01	1.530058e+00	1.632893e+00
514	45	6.962301e-01	1.385484e+00	1.340397e+00
515	45	1.128173e+00	7.893669e-01	8.015540e-01
516	45	1.020116e+00	1.093257e+00	1.186209e+00
517	45	1.243194e+00	1.379336e+00	1.446486e+00
518	45	7.794980e-01	5.905585e-01	5.920413e-01
519	45	8.826061e-01	1.175326e+00	1.176946e+00
520	45	1.150454e+00	8.782590e-01	8.613001e-01
521	45	1.217521e+00	1.095848e+00	1.086782e+00
522	45	1.418478e+00	9.179139e-01	9.179767e-01
523	45	6.922240e-01	1.180605e+00	1.180052e+00
524	45	1.407915e+00	8.583074e-01	8.866931e-01
525	45	1.199721e+00	9.464868e-01	9.425840e-01
526	45	6.846497e-01	9.400853e-01	9.481973e-01
527	45	8.653649e-01	9.377084e-01	9.275216e-01
528	45	1.141923e+00	1.697489e+00	1.733462e+00
529	45	1.017070e+00	9.178713e-01	9.538477e-01
530	45	8.458847e-01	6.983211e-01	7.266363e-01
531	45	8.791771e-01	9.323417e-01	9.610359e-01
532	45	9.937620e-01	1.001220e+00	9.983988e-01
533	45	1.204657e+00	1.151981e+00	1.207700e+00
534	45	8.417528e-01	8.090833e-01	8.398929e-01
535	45	1.095935e+00	1.027176e+00	1.032343e+00
536	45	1.435938e+00	9.534205e-01	9.526444e-01
537	45	7.342083e-01	7.352958e-01	7.312395e-01
538	45	9.136184e-01	1.235859e+00	1.245944e+00
539	45	1.003559e+00	1.280269e+00	1.336434e+00
540	45	1.004354e+00	8.889572e-01	8.872255e-01
541	45	9.020971e-01	9.271978e-01	9.267036e-01
542	45	1.212775e+00	1.284495e+00	1.285628e+00
543	45	7.799422e-01	1.211864e+00	1.196671e+00
544	45	8.754621e-01	1.124940e+00	1.127046e+00
545	45	1.619866e+00	1.205037e+00	1.217806e+00
546	45	1.245349e+00	1.088613e+00	1.094170e+00
547	45	8.507544e-01	8.614419e-01	8.540215e-01
548	45	8.897659e-01	1.250913e+00	1.247984e+00
549	45	9.691549e-01	9.762801e-01	9.745900e-01
550	45	8.428053e-01	9.700989e-01	9.710871e-01
551	45	1.188638e+00	1.285558e+00	1.283911e+00
552	45	9.444201e-01	1.236180e+00	1.269744e+00
553	45	7.519148e-01	7.343202e-01	8.385518e-01
554	45	1.213104e+00	1.100810e+00	1.123425e+00
555	45	1.516342e+00	8.664346e-01	8.660907e-01
556	45	7.041956e-01	1.468662e+00	1.464348e+00
557	45	1.139669e+00	1.077039e+00	1.067567e+00
558	45	1.365698e+00	1.046018e+00	1.066647e+00
559	45	7.918031e-01	1.384886e+00	1.410562e+00
560	45	1.065179e+00	1.112972e+00	1.123476e+00
561	45	1.007368e+00	9.387651e-01	9.286964e-01
562	45	9.534140e-01	7.720672e-01	7.728017e-01
563	45	1.116426e+00	1.166054e+00	1.166365e+00
564	45	9.663993e-01	1.147113e+00	1.145508e+00
565	45	1.429807e+00	1.267662e+00	1.233875e+00
566	45	9.187972e-01	1.112643e+00	1.140330e+00
567	45	1.090296e+00	7.300047e-01	7.367546e-01
568	45	1.293596e+00	1.292109e+00	1.230955e+00
569	45	1.256092e+00	1.107720e+00	1.114885e+00
570	45	1.132225e+00	1.602251e+00	1.631876e+00
571	45	1.276041e+00	9.697614e-01	9.676421e-01
572	45	1.088107e+00	8.727637e-01	8.726596e-01
573	45	8.904286e-01	1.043006e+00	1.039376e+00
574	45	6.506917e-01	1.182720e+00	1.242077e+00
575	45	8.009688e-01	8.127147e-01	8.067441e-01
576	45	1.140707e+00	6.022817e-01	6.010483e-01
577	45	7.882674e-01	1.465552e+00	1.445458e+00
578	45	5.937132e-01	7.273880e-01	7.240929e-01
579	45	1.047289e+00	8.459372e-01	8.467517e-01
580	45	1.097569e+00	1.060509e+00	1.060739e+00
581	45	9.328177e-01	9.637497e-01	9.636018e-01
582	45	1.021108e+00	9.804831e-01	1.005868e+00
583	45	1.206831e+00	9.221056e-01	9.422661e-01
584	45	1.333422e+00	1.048369e+00	1.082264e+00
585	45	1.468005e+00	1.187750e+00	1.194737e+00
586	45	1.279828e+00	1.267633e+00	1.281575e+00
587	45	9.760721e-01	2.841942e+00	2.807384e+00
588	45	9.138961e-01	1.124984e+00	1.148427e+00
589	45	1.010481e+00	1.579208e+00	1.550732e+00
590	45	8.321229e-01	8.033159e-01	8.467279e-01
591	45	1.122380e+00	1.001695e+00	1.084500e+00
592	45	1.029226e+00	9.923084e-01	1.007785e+00
593	45	8.094525e-01	1.179567e+00	1.185284e+00
594	45	7.753391e-01	1.242399e+00	1.413855e+00
595	45	1.077836e+00	8.028619e-01	7.925954e-01
596	45	6.170274e-01	1.010485e+00	1.004976e+00
597	45	5.820733e-01	8.315482e-01	8.319341e-01
598	45	1.117341e+00	9.396260e-01	1.003771e+00
599	45	7.351893e-01	1.159054e+00	1.161355e+00
600	45	7.162469e-01	8.245537e-01	8.236489e-01
601	45	1.394361e+00	9.601637e-01	1.025563e+00
602	45	8.042912e-01	7.410302e-01	7.376038e-01
603	45	7.451689e-01	7.582516e-01	7.654406e-01
604	45	1.032320e+00	1.124344e+00	1.142704e+00
605	45	9.263743e-01	8.485433e-01	8.783258e-01
606	45	9.765823e-01	9.717399e-01	1.038903e+00
607	45	9.977340e-01	1.103081e+00	1.120177e+00
608	45	1.212570e+00	1.203914e+00	1.208195e+00
609	45	9.347232e-01	1.169870e+00	1.158557e+00
610	45	1.117834e+00	1.083715e+00	1.103459e+00
611	45	1.124771e+00	7.683016e-01	7.671269e-01
612	45	1.074413e+00	7.379744e-01	7.345907e-01
613	45	8.989272e-01	1.578236e+00	1.633038e+00
614	45	1.076101e+00	1.915425e+00	1.806187e+00
615	45	9.147755e-01	1.964128e+00	2.243487e+00
616	45	7.616788e-01	8.333156e-01	8.338829e-01
617	45	7.673060e-01	9.330313e-01	9.523556e-01
618	45	1.221554e+00	1.255047e+00	1.190312e+00
619	45	8.940356e-01	1.036645e+00	1.027147e+00
620	45	1.067444e+00	1.616921e+00	1.577384e+00
621	45	7.547507e-01	7.070688e-01	7.346763e-01
622	45	6.679455e-01	1.324452e+00	1.332803e+00
623	45	9.893867e-01	1.002050e+00	1.006052e+00
624	45	9.749643e-01	9.300615e-01	8.923407e-01
625	45	8.028944e-01	1.064965e+00	1.031785e+00
626	45	1.113586e+00	1.028366e+00	1.119294e+00
627	45	1.179392e+00	1.059814e+00	1.036455e+00
628	45	7.695547e-01	1.360844e+00	1.531402e+00
629	45	1.224375e+00	1.210078e+00	1.316380e+00
630	45	9.744156e-01	1.017261e+00	1.010174e+00
631	45	9.653028e-01	1.093315e+00	1.094109e+00
632	45	1.377031e+00	1.371627e+00	1.426605e+00
633	45	1.128556e+00	7.172473e-01	7.466651e-01
634	45	1.101717e+00	9.615366e-01	1.068555e+00
635	45	1.068879e+00	8.389936e-01	8.966778e-01
636	45	1.325443e+00	9.808848e-01	9.927735e-01
637	45	1.283651e+00	1.276947e+00	1.276252e+00
638	45	7.796236e-01	1.545192e+00	1.506784e+00
639	45	1.165933e+00	1.652851e+00	1.744470e+00
640	45	1.553960e+00	9.493757e-01	9.491511e-01
641	45	1.207310e+00	9.305927e-01	9.432166e-01
642	45	9.492589e-01	1.270414e+00	1.269599e+00
643	45	9.089224e-01	8.701229e-01	8.704208e-01
644	45	1.408237e+00	1.111105e+00	1.118272e+00
645	45	9.487371e-01	1.163676e+00	1.148800e+00
646	45	8.055388e-01	1.169182e+00	1.160014e+00
647	45	9.163100e-01	8.729601e-01	8.870962e-01
648	45	8.582250e-01	2.024098e+00	2.047554e+00
649	45	5.542949e-01	1.252973e+00	1.203640e+00
650	45	7.948197e-01	1.060463e+00	1.048679e+00
651	45	9.512108e-01	1.212898e+00	1.235352e+00
652	45	9.412815e-01	1.033320e+00	1.033522e+00
653	45	6.220885e-01	1.066440e+00	1.076290e+00
654	45	7.100457e-01	1.066673e+00	1.047814e+00
655	45	1.229104e+00	7.897226e-01	8.351699e-01
656	45	5.528160e-01	1.093876e+00	1.090753e+00
657	45	1.216491e+00	1.001418e+00	9.841532e-01
658	45	9.882164e-01	1.045590e+00	1.154366e+00
659	45	1.104912e+00	1.145302e+00	1.226583e+00
660	45	9.328120e-01	1.377939e+00	1.453726e+00
661	45	8.408094e-01	1.781855e+00	1.792780e+00
662	45	1.477420e+00	9.407548e-01	9.407805e-01
663	45	1.544115e+00	1.010735e+00	1.006896e+00
664	45	1.167901e+00	1.105261e+00	1.106793e+00
665	45	7.391434e-01	9.964508e-01	1.003682e+00
666	45	6.807547e-01	1.582515e+00	1.646303e+00
667	45	1.198922e+00	9.896495e-01	9.948949e-01
668	45	8.870324e-01	1.228410e+00	1.204283e+00
669	45	1.155559e+00	1.331698e+00	1.291002e+00
670	45	1.295711e+00	1.224785e+00	1.308590e+00
671	45	1.257668e+00	9.761740e-01	1.034845e+00
672	45	9.266699e-01	1.203954e+00	1.216139e+00
673	45	1.410198e+00	8.154679e-01	8.170898e-01
674	45	5.681205e-01	8.826816e-01	9.158244e-01
675	45	6.332214e-01	1.273056e+00	1.263697e+00
676	45	1.318053e+00	1.267602e+00	1.308423e+00
677	45	1.061550e+00	1.135100e+00	1.263119e+00
678	45	7.771242e-01	8.004496e-01	7.495498e-01
679	45	1.221634e+00	9.198516e-01	9.058952e-01
680	45	1.102246e+00	9.156018e-01	9.369483e-01
681	45	9.302289e-01	1.439675e+00	1.475068e+00
682	45	8.329680e-01	1.109228e+00	1.097761e+00
683	45	8.458605e-01	1.035611e+00	1.052185e+00
684	45	1.183561e+00	1.372799e+00	1.419443e+00
685	45	9.353196e-01	6.498311e-01	6.493771e-01
686	45	9.262036e-01	8.687265e-01	8.797727e-01
687	45	8.965520e-01	1.303281e+00	1.506673e+00
688	45	7.014870e-01	1.121703e+00	1.133484e+00
689	45	1.087867e+00	1.212138e+00	1.240544e+00
690	45	9.170737e-01	7.190877e-01	7.189687e-01
691	45	8.733113e-01	1.053802e+00	1.061997e+00
692	45	1.760405e+00	8.641147e-01	8.699316e-01
693	45	8.082700e-01	1.080431e+00	1.073568e+00
694	45	8.879391e-01	1.219798e+00	1.257120e+00
695	45	1.119043e+00	6.317823e-01	6.602191e-01
696	45	9.480879e-01	9.620094e-01	9.790092e-01
697	45	6.155110e-01	7.596169e-01	7.451837e-01
698	45	1.233492e+00	1.375417e+00	1.394541e+00
699	45	6.822593e-01	1.094157e+00	1.170200e+00
700	45	1.227875e+00	8.626993e-01	8.644671e-01
701	45	9.124857e-01	1.481771e+00	1.557981e+00
702	45	9.495716e-01	1.268022e+00	1.308321e+00
703	45	1.000121e+00	6.538764e-01	6.497078e-01
704	45	7.023584e-01	1.000594e+00	9.956516e-01
705	45	9.184173e-01	1.300003e+00	1.447350e+00
706	45	1.163712e+00	1.074104e+00	1.068820e+00
707	45	1.034555e+00	1.233919e+00	1.312342e+00
708	45	8.848029e-01	1.009511e+00	1.112103e+00
709	45	1.055598e+00	1.077818e+00	1.117619e+00
710	45	8.494327e-01	1.663333e+00	1.753074e+00
711	45	8.660025e-01	1.730480e+00	1.729074e+00
712	45	1.160710e+00	9.060601e-01	9.045665e-01
713	45	1.504838e+00	7.717848e-01	9.981062e-01
714	45	6.685743e-01	8.937015e-01	9.190454e-01
715	45	9.081252e-01	1.443433e+00	1.431533e+00
716	45	9.858042e-01	1.165324e+00	1.158415e+00
717	45	9.550272e-01	1.012456e+00	1.051129e+00
718	45	1.116734e+00	1.157909e+00	1.196214e+00
719	45	9.758065e-01	1.040783e+00	1.146051e+00
720	45	9.280262e-01	1.008075e+00	1.008009e+00
721	45	1.519611e+00	9.528091e-01	9.950329e-01
722	45	7.969779e-01	1.246707e+00	1.260418e+00
723	45	8.354498e-01	1.376949e+00	1.401031e+00
724	45	7.437387e-01	1.051629e+00	1.101494e+00
725	45	1.014997e+00	7.270513e-01	7.313662e-01
726	45	8.040615e-01	1.217817e+00	1.233495e+00
727	45	8.954565e-01	1.314836e+00	1.355809e+00
728	45	1.050251e+00	9.434087e-01	9.232943e-01
729	45	7.086907e-01	9.916912e-01	9.924418e-01
730	45	1.089871e+00	1.177645e+00	1.174547e+00
731	45	1.020935e+00	1.369114e+00	1.392278e+00
732	45	6.152831e-01	1.081769e+00	1.103231e+00
733	45	8.104749e-01	1.445991e+00	1.442639e+00
734	45	1.156301e+00	1.071990e+00	1.112390e+00
735	45	1.287468e+00	1.120205e+00	1.133290e+00
736	45	7.471361e-01	7.133518e-01	7.294886e-01
737	45	8.246543e-01	1.220753e+00	1.166855e+00
738	45	9.487137e-01	1.295596e+00	1.335170e+00
739	45	8.581007e-01	1.624289e+00	1.624141e+00
740	45	1.283264e+00	1.395379e+00	1.385354e+00
741	45	1.400630e+00	6.660901e-01	6.661782e-01
742	45	9.671231e-01	1.112623e+00	1.128825e+00
743	45	1.151778e+00	1.104000e+00	1.209983e+00
744	45	8.501429e-01	1.139521e+00	1.208303e+00
745	45	7.752816e-01	1.187995e+00	1.188616e+00
746	45	7.618517e-01	9.416274e-01	1.033829e+00
747	45	9.868036e-01	6.563709e-01	6.561667e-01
748	45	7.813585e-01	1.210726e+00	1.200207e+00
749	45	8.927739e-01	6.684064e-01	6.706468e-01
750	45	1.105202e+00	7.907922e-01	8.780406e-01
751	45	1.406882e+00	1.722407e+00	1.743164e+00
752	45	8.869572e-01	8.407167e-01	8.691241e-01
753	45	6.225792e-01	1.088404e+00	1.088408e+00
754	45	1.057636e+00	1.131148e+00	1.126647e+00
755	45	1.092616e+00	1.081696e+00	1.106353e+00
756	45	6.159307e-01	1.388847e+00	1.365546e+00
757	45	8.781182e-01	8.149925e-01	8.146558e-01
758	45	1.017427e+00	1.188020e+00	1.190653e+00
759	45	9.147120e-01	1.033589e+00	1.032281e+00
760	45	9.040646e-01	9.566976e-01	9.744867e-01
761	45	6.304029e-01	1.678813e+00	1.675604e+00
762	45	7.612122e-01	1.052361e+00	1.066782e+00
763	45	1.400703e+00	1.000916e+00	1.045332e+00
764	45	1.232484e+00	1.724698e+00	1.690463e+00
765	45	1.025500e+00	1.245806e+00	1.262332e+00
766	45	8.363438e-01	8.187201e-01	8.356551e-01
767	45	9.489087e-01	1.024313e+00	1.060851e+00
768	45	9.811533e-01	9.565298e-01	1.033434e+00
769	45	1.025314e+00	1.313129e+00	1.310742e+00
770	45	1.107685e+00	1.145058e+00	1.147534e+00
771	45	1.172420e+00	9.060192e-01	9.759214e-01
772	45	1.257148e+00	8.953491e-01	9.190079e-01
773	45	8.881552e-01	8.147538e-01	8.150291e-01
774	45	9.560630e-01	1.786678e+00	1.857790e+00
775	45	7.986396e-01	1.141761e+00	1.158531e+00
776	45	1.178739e+00	1.606874e+00	1.602410e+00
777	45	9.631758e-01	1.419993e+00	1.482408e+00
778	45	8.972468e-01	9.021812e-01	9.020571e-01
779	45	1.444603e+00	8.337829e-01	8.394641e-01
780	45	1.013532e+00	8.008335e-01	7.994772e-01
781	45	1.091008e+00	1.005623e+00	9.998093e-01
782	45	8.847011e-01	1.006852e+00	1.019750e+00
783	45	7.757077e-01	1.029257e+00	1.009073e+00
784	45	1.229565e+00	1.206305e+00	1.263485e+00
785	45	8.456689e-01	1.212743e+00	1.186503e+00
786	45	8.929335e-01	1.252658e+00	1.248762e+00
787	45	8.465867e-01	6.532458e-01	6.547639e-01
788	45	9.104382e-01	8.924690e-01	9.287356e-01
789	45	9.063467e-01	1.070854e+00	1.155535e+00
790	45	9.164793e-01	1.188431e+00	1.243397e+00
791	45	1.147218e+00	1.027575e+00	1.031102e+00
792	45	8.280749e-01	1.742392e+00	1.601600e+00
793	45	9.305874e-01	1.074875e+00	1.060620e+00
794	45	9.435433e-01	7.750288e-01	7.905658e-01
795	45	1.063964e+00	1.074468e+00	1.095808e+00
796	45	1.039633e+00	1.103932e+00	1.140170e+00
797	45	9.123910e-01	1.205416e+00	1.199620e+00
798	45	1.213707e+00	9.164458e-01	9.214097e-01
799	45	8.337033e-01	1.027200e+00	1.028944e+00
800	45	1.195456e+00	1.007282e+00	9.857937e-01
801	45	6.404438e-01	7.727662e-01	7.846997e-01
802	45	7.190260e-01	9.547984e-01	9.708019e-01
803	45	1.075705e+00	8.643885e-01	8.567015e-01
804	45	9.647744e-01	7.607448e-01	7.609228e-01
805	45	1.060628e+00	8.876137e-01	8.778812e-01
806	45	1.082952e+00	7.188174e-01	7.357554e-01
807	45	6.448891e-01	1.010058e+00	1.016339e+00
808	45	1.356176e+00	6.981576e-01	6.949601e-01
809	45	1.039896e+00	9.303488e-01	9.184346e-01
810	45	7.851845e-01	8.965986e-01	8.999195e-01
811	45	1.095456e+00	1.254781e+00	1.419969e+00
812	45	1.525743e+00	1.904503e+00	1.848477e+00
813	45	9.102345e-01	1.059307e+00	1.169070e+00
814	45	1.026337e+00	3.117697e+00	3.233293e+00
815	45	8.235442e-01	8.033763e-01	7.982265e-01
816	45	8.372457e-01	1.259206e+00	1.437191e+00
817	45	1.111092e+00	1.190550e+00	1.188078e+00
818	45	1.382485e+00	1.103899e+00	1.077928e+00
819	45	8.974811e-01	1.195719e+00	1.170514e+00
820	45	1.407384e+00	9.210266e-01	9.702646e-01
821	45	9.645288e-01	1.615344e+00	1.652871e+00
822	45	8.272137e-01	1.126840e+00	1.187004e+00
823	45	9.850087e-01	7.232632e-01	8.265581e-01
824	45	1.034047e+00	8.511189e-01	8.467746e-01
825	45	8.110373e-01	1.146781e+00	1.146601e+00
826	45	9.464092e-01	7.156671e-01	7.321198e-01
827	45	1.218216e+00	8.166254e-01	8.161172e-01
828	45	4.449653e-01	1.069240e+00	1.079043e+00
829	45	1.338324e+00	1.465041e+00	1.508443e+00
830	45	8.607680e-01	1.203144e+00	1.311155e+00
831	45	1.315729e+00	1.111379e+00	1.114642e+00
832	45	9.218993e-01	9.246625e-01	9.411943e-01
833	45	1.048743e+00	1.138658e+00	1.136950e+00
834	45	6.951942e-01	8.815138e-01	9.106616e-01
835	45	8.842578e-01	1.068799e+00	1.092951e+00
836	45	1.129684e+00	1.322724e+00	1.340428e+00
837	45	7.610349e-01	9.247302e-01	9.367042e-01
838	45	1.029554e+00	1.074343e+00	1.199137e+00
839	45	8.536997e-01	1.024146e+00	1.164988e+00
840	45	9.012347e-01	1.534222e+00	1.610327e+00
841	45	9.232236e-01	7.913286e-01	7.785480e-01
842	45	8.449657e-01	1.196412e+00	1.235516e+00
843	45	7.821088e-01	1.175852e+00	1.150504e+00
844	45	1.147349e+00	7.542918e-01	7.613641e-01
845	45	1.070680e+00	1.716708e+00	1.803998e+00
846	45	9.611721e-01	9.162358e-01	9.231025e-01
847	45	1.576048e+00	1.219622e+00	1.203989e+00
848	45	1.200457e+00	1.264433e+00	1.391724e+00
849	45	8.775744e-01	7.650990e-01	8.175846e-01
850	45	1.055899e+00	1.327006e+00	1.362138e+00
851	45	6.701784e-01	1.386982e+00	1.402371e+00
852	45	1.165372e+00	9.953563e-01	1.097965e+00
853	45	1.002273e+00	1.171438e+00	1.177742e+00
854	45	8.118811e-01	9.948771e-01	1.098372e+00
855	45	1.196641e+00	8.752353e-01	8.714356e-01
856	45	1.037493e+00	9.498033e-01	9.663644e-01
857	45	9.318892e-01	9.218047e-01	1.025303e+00
858	45	1.174080e+00	9.968039e-01	9.963665e-01
859	45	8.884502e-01	6.782791e-01	6.900092e-01
860	45	1.142944e+00	7.831225e-01	7.833420e-01
861	45	1.222210e+00	7.519065e-01	7.747696e-01
862	45	1.118057e+00	9.551336e-01	1.044578e+00
863	45	6.404832e-01	1.123039e+00	1.144463e+00
864	45	1.029286e+00	9.495246e-01	9.363537e-01
865	45	8.556878e-01	1.358415e+00	1.491803e+00
866	45	1.073198e+00	1.154849e+00	1.187033e+00
867	45	1.225657e+00	1.244547e+00	1.370283e+00
868	45	9.502885e-01	1.062621e+00	1.055349e+00
869	45	1.067610e+00	8.044376e-01	8.069687e-01
870	45	1.268262e+00	1.486809e+00	1.490211e+00
871	45	8.859734e-01	7.344856e-01	7.221466e-01
872	45	1.306415e+00	8.066177e-01	8.447179e-01
873	45	1.115410e+00	1.226581e+00	1.224847e+00
874	45	9.544110e-01	8.299054e-01	8.117220e-01
875	45	1.163140e+00	1.090259e+00	1.121125e+00
876	45	9.228068e-01	1.375465e+00	1.414497e+00
877	45	1.681064e+00	7.792523e-01	7.858444e-01
878	45	1.144698e+00	7.260022e-01	7.455942e-01
879	45	1.277367e+00	1.407327e+00	1.411808e+00
880	45	9.281719e-01	1.020224e+00	1.011459e+00
881	45	9.380982e-01	9.783508e-01	9.727158e-01
882	45	1.076906e+00	1.249179e+00	1.225329e+00
883	45	7.686011e-01	7.848994e-01	8.154470e-01
884	45	1.161604e+00	1.033768e+00	1.051916e+00
885	45	5.951355e-01	9.855298e-01	1.001015e+00
886	45	6.605512e-01	1.609327e+00	1.599483e+00
887	45	9.358181e-01	1.065584e+00	1.060890e+00
888	45	1.036195e+00	1.378045e+00	1.385979e+00
889	45	9.064155e-01	1.152742e+00	1.188502e+00
890	45	9.455068e-01	8.694837e-01	8.428984e-01
891	45	9.642994e-01	1.092873e+00	1.115618e+00
892	45	8.433789e-01	1.084718e+00	1.077549e+00
893	45	1.123506e+00	1.263476e+00	1.303016e+00
894	45	1.118737e+00	1.450911e+00	1.438123e+00
895	45	7.323951e-01	9.853200e-01	1.058640e+00
896	45	6.557556e-01	1.454859e+00	1.494416e+00
897	45	9.173570e-01	7.235676e-01	7.165693e-01
898	45	1.175108e+00	1.098376e+00	1.122580e+00
899	45	8.734006e-01	1.127701e+00	1.126062e+00
900	45	1.154015e+00	1.305987e+00	1.260733e+00
901	45	7.957490e-01	9.515964e-01	9.536134e-01
902	45	6.959566e-01	1.035318e+00	1.036242e+00
903	45	1.045484e+00	1.071513e+00	1.069729e+00
904	45	8.379162e-01	8.829876e-01	8.845578e-01
905	45	1.009460e+00	8.476711e-01	8.659347e-01
906	45	1.061900e+00	1.037791e+00	1.017966e+00
907	45	7.676160e-01	1.277677e+00	1.265270e+00
908	45	1.009250e+00	1.494726e+00	1.492413e+00
909	45	8.688003e-01	1.138306e+00	1.295469e+00
910	45	9.696856e-01	1.072848e+00	1.071040e+00
911	45	1.011032e+00	9.018933e-01	9.395810e-01
912	45	1.061551e+00	1.596453e+00	1.696567e+00
913	45	7.829487e-01	2.256390e+00	2.263199e+00
914	45	6.312650e-01	1.291691e+00	1.275964e+00
915	45	8.312484e-01	1.876602e+00	1.925792e+00
916	45	1.313359e+00	1.125435e+00	1.097498e+00
917	45	1.190839e+00	9.679192e-01	9.688134e-01
918	45	9.271376e-01	1.241091e+00	1.313877e+00
919	45	7.660092e-01	1.170859e+00	1.193773e+00
920	45	9.455304e-01	9.519630e-01	9.636463e-01
921	45	1.230049e+00	1.446570e+00	1.886377e+00
922	45	1.153891e+00	1.558073e+00	1.781737e+00
923	45	8.362318e-01	1.138561e+00	1.148784e+00
924	45	9.080444e-01	8.291735e-01	8.595901e-01
925	45	9.173756e-01	1.234575e+00	1.266389e+00
926	45	1.177536e+00	2.112348e+00	2.140561e+00
927	45	1.268310e+00	1.368982e+00	1.455748e+00
928	45	7.242630e-01	1.454090e+00	1.551297e+00
929	45	1.348112e+00	8.904206e-01	8.914909e-01
930	45	1.026544e+00	1.342968e+00	1.332164e+00
931	45	1.030619e+00	1.141054e+00	1.153209e+00
932	45	1.107400e+00	1.512831e+00	1.542962e+00
933	45	8.097234e-01	7.824929e-01	9.527532e-01
934	45	1.079391e+00	1.587527e+00	1.591730e+00
935	45	7.876400e-01	9.096995e-01	9.107965e-01
936	45	1.174596e+00	1.595192e+00	1.516474e+00
937	45	7.977012e-01	1.103501e+00	1.086368e+00
938	45	6.925867e-01	1.065627e+00	1.133638e+00
939	45	1.564756e+00	2.165653e+00	2.220154e+00
940	45	1.067372e+00	8.507346e-01	9.189706e-01
941	45	1.009791e+00	1.103143e+00	1.104756e+00
942	45	1.256318e+00	5.883779e-01	5.831361e-01
943	45	7.257978e-01	1.322214e+00	1.272595e+00
944	45	1.308398e+00	6.548241e-01	6.746560e-01
945	45	1.258264e+00	5.734840e-01	5.791950e-01
946	45	1.258249e+00	1.617734e+00	1.709392e+00
947	45	8.176315e-01	1.077860e+00	1.163047e+00
948	45	1.256223e+00	1.080053e+00	1.066354e+00
949	45	1.002489e+00	1.557942e+00	1.530850e+00
950	45	9.415061e-01	1.179632e+00	1.186117e+00
951	45	9.836230e-01	1.079508e+00	1.080162e+00
952	45	9.108268e-01	1.162844e+00	1.160675e+00
953	45	1.237362e+00	7.718646e-01	7.887165e-01
954	45	9.278999e-01	1.303151e+00	1.303505e+00
955	45	8.682872e-01	1.044461e+00	1.092865e+00
956	45	1.263273e+00	1.117880e+00	1.147720e+00
957	45	1.180188e+00	1.276046e+00	1.253257e+00
958	45	9.437009e-01	7.704128e-01	7.920316e-01
959	45	7.210952e-01	9.007548e-01	9.972442e-01
960	45	1.093340e+00	1.061456e+00	1.110847e+00
961	45	7.592149e-01	7.413930e-01	7.672111e-01
962	45	9.446439e-01	6.718599e-01	6.668605e-01
963	45	9.975147e-01	1.023823e+00	1.015427e+00
964	45	9.352188e-01	1.165261e+00	1.182232e+00
965	45	1.277695e+00	1.170774e+00	1.193173e+00
966	45	1.155001e+00	9.379561e-01	9.448836e-01
967	45	9.421075e-01	1.017633e+00	9.553874e-01
968	45	9.308408e-01	9.973754e-01	9.365977e-01
969	45	9.164866e-01	8.639179e-01	8.534637e-01
970	45	9.823842e-01	9.534809e-01	9.728024e-01
971	45	1.095683e+00	1.516869e+00	1.513220e+00
972	45	6.636034e-01	7.080530e-01	7.080875e-01
973	45	1.007417e+00	8.242627e-01	8.249433e-01
974	45	8.653679e-01	1.170911e+00	1.144894e+00
975	45	9.631296e-01	1.011797e+00	9.877793e-01
976	45	1.062227e+00	6.534476e-01	6.483711e-01
977	45	8.962275e-01	1.300483e+00	1.389070e+00
978	45	7.020187e-01	8.759073e-01	9.795335e-01
979	45	1.168108e+00	1.004888e+00	9.927724e-01
980	45	1.081118e+00	1.316931e+00	1.375506e+00
981	45	7.954505e-01	1.230628e+00	1.258142e+00
982	45	8.229636e-01	7.352893e-01	7.962407e-01
983	45	6.907506e-01	1.078516e+00	1.104653e+00
984	45	8.292148e-01	2.292466e+00	2.267586e+00
985	45	8.808684e-01	1.002642e+00	1.030378e+00
986	45	9.389247e-01	7.208649e-01	7.300819e-01
987	45	6.673677e-01	2.266711e+00	2.210788e+00
988	45	9.266770e-01	9.646312e-01	1.018407e+00
989	45	9.272172e-01	7.179836e-01	7.464354e-01
990	45	9.211986e-01	6.847137e-01	6.840282e-01
991	45	8.556809e-01	8.420136e-01	8.491246e-01
992	45	9.941661e-01	1.018189e+00	1.016013e+00
993	45	9.012584e-01	9.194684e-01	9.565002e-01
994	45	1.163267e+00	6.788833e-01	6.801975e-01
995	45	8.595568e-01	7.234559e-01	7.213822e-01
996	45	1.201973e+00	1.179117e+00	1.176948e+00
997	45	1.154052e+00	2.103345e+00	2.174223e+00
998	45	9.842513e-01	1.171045e+00	1.228848e+00
999	45	8.837347e-01	1.064772e+00	1.071235e+00
