0	39	8.379697e-01	1.001728e+00	1.539408e+00	8.674706e-01
1	39	1.215893e+00	8.843463e-01	8.782006e-01	8.806744e-01
2	39	1.109328e+00	1.100197e+00	1.099587e+00	6.017006e-01
3	39	1.620338e+00	9.847141e-01	1.195657e+00	1.448241e+00
4	39	1.585138e+00	9.624188e-01	1.537352e+00	9.625948e-01
5	39	1.076602e+00	6.656522e-01	6.456535e-01	2.155019e+00
6	39	5.935573e-01	1.120713e+00	2.430563e+00	1.376425e+00
7	39	1.180004e+00	1.340804e+00	2.411602e+00	8.335850e-01
8	39	5.689566e-01	1.162760e+00	1.188019e+00	1.637792e+00
9	39	8.215739e-01	1.028210e+00	1.592550e+00	1.885702e+00
10	39	1.252172e+00	1.379367e+00	1.476916e+00	1.082130e+00
11	39	8.231686e-01	8.583269e-01	1.319682e+00	9.197272e-01
12	39	1.022896e+00	9.567949e-01	1.024696e+00	7.379092e-01
13	39	1.103075e+00	9.052964e-01	1.202038e+00	1.086650e+00
14	39	1.038657e+00	6.684299e-01	7.354122e-01	9.820340e-01
15	39	7.996637e-01	9.136715e-01	9.209189e-01	1.724409e+00
16	39	1.041440e+00	1.492572e+00	1.956191e+00	1.008696e+00
17	39	1.305817e+00	1.688858e+00	1.709943e+00	1.306804e+00
18	39	1.093716e+00	7.902361e-01	7.757395e-01	2.316707e+00
19	39	6.710505e-01	5.837007e-01	5.991226e-01	2.165821e+00
20	39	1.067364e+00	8.761980e-01	8.720910e-01	2.025921e+00
21	39	9.487937e-01	8.815922e-01	8.841220e-01	1.488106e+00
22	39	1.015194e+00	1.142446e+00	1.212079e+00	2.158587e+00
23	39	1.012305e+00	1.041660e+00	1.511193e+00	4.253639e+00
24	39	6.181350e-01	9.342186e-01	1.490136e+00	1.183090e+00
25	39	7.267282e-01	1.300902e+00	1.327036e+00	3.542418e+00
26	39	1.042598e+00	8.322465e-01	1.202802e+00	1.389488e+00
27	39	1.266920e+00	7.851931e-01	8.414271e-01	2.377189e+00
28	39	9.684099e-01	6.699995e-01	7.229670e-01	1.146437e+00
29	39	9.330599e-01	1.435416e+00	2.583641e+00	1.291168e+00
30	39	9.444883e-01	1.157394e+00	1.589960e+00	1.284566e+00
31	39	1.249254e+00	1.427703e+00	2.265011e+00	2.013176e+00
32	39	1.168012e+00	1.043537e+00	1.138433e+00	9.987356e-01
33	39	8.015372e-01	2.022093e+00	3.451647e+00	1.249004e+00
34	39	9.514924e-01	9.319841e-01	9.340921e-01	1.726476e+00
35	39	1.242603e+00	1.204690e+00	1.415601e+00	1.021989e+00
36	39	1.320614e+00	8.866108e-01	8.851952e-01	8.210451e-01
37	39	9.342815e-01	9.225289e-01	9.488734e-01	7.528985e-01
38	39	7.998335e-01	3.437588e+00	9.816804e+00	1.291695e+00
39	39	1.474592e+00	1.078146e+00	1.793165e+00	8.964280e-01
40	39	1.109305e+00	1.101255e+00	1.136244e+00	8.657248e-01
41	39	1.123956e+00	9.769655e-01	1.117749e+00	1.855344e+00
42	39	1.173693e+00	7.688636e-01	7.863255e-01	1.029916e+00
43	39	1.109559e+00	1.043189e+00	1.368469e+00	1.927698e+00
44	39	8.689212e-01	1.388460e+00	2.285711e+00	1.092699e+00
45	39	9.769783e-01	1.428659e+00	1.697631e+00	7.981688e-01
46	39	1.041723e+00	1.246849e+00	1.520542e+00	9.858370e-01
47	39	1.436090e+00	1.208739e+00	2.530344e+00	9.486516e-01
48	39	6.041267e-01	5.145702e-01	5.625625e-01	1.370715e+00
49	39	9.302090e-01	1.001297e+00	1.032214e+00	1.453788e+00
50	39	6.979210e-01	1.638311e+00	1.746660e+00	1.073658e+00
51	39	1.032487e+00	8.627725e-01	1.004596e+00	2.104812e+00
52	39	1.281187e+00	8.307889e-01	8.686684e-01	9.816846e-01
53	39	9.577999e-01	1.246551e+00	1.258738e+00	1.311949e+00
54	39	1.475650e+00	8.756484e-01	1.089700e+00	9.571774e-01
55	39	1.030349e+00	7.724025e-01	7.872049e-01	9.585763e-01
56	39	1.115371e+00	1.388988e+00	1.467384e+00	7.823529e-01
57	39	8.333410e-01	8.792107e-01	1.070518e+00	3.354731e+00
58	39	1.078178e+00	8.465175e-01	8.949069e-01	2.849723e+00
59	39	6.756793e-01	1.171993e+00	1.256009e+00	1.181444e+00
60	39	8.802632e-01	8.504210e-01	1.274106e+00	1.610622e+00
61	39	9.892798e-01	1.171501e+00	1.220273e+00	1.087518e+00
62	39	1.449253e+00	1.453389e+00	2.545152e+00	8.773345e-01
63	39	9.534695e-01	9.791559e-01	1.024650e+00	1.516043e+00
64	39	1.143639e+00	5.187378e-01	5.297871e-01	8.463777e-01
65	39	8.809731e-01	8.068984e-01	8.855181e-01	9.127467e-01
66	39	1.087176e+00	8.857698e-01	9.144757e-01	1.361884e+00
67	39	9.255743e-01	9.598102e-01	1.230270e+00	7.013831e-01
68	39	1.029429e+00	9.737525e-01	1.269902e+00	1.021584e+00
69	39	1.045448e+00	1.131035e+00	1.310092e+00	1.938279e+00
70	39	1.523522e+00	1.168308e+00	1.578129e+00	8.304690e-01
71	39	1.292391e+00	1.076784e+00	1.073814e+00	9.392289e-01
72	39	1.158404e+00	1.321387e+00	1.379259e+00	1.909952e+00
73	39	8.577220e-01	1.447422e+00	1.588386e+00	2.982741e+00
74	39	1.217734e+00	9.556017e-01	9.383649e-01	1.640656e+00
75	39	9.378500e-01	1.082981e+00	1.630849e+00	8.545349e-01
76	39	7.899350e-01	6.941982e-01	6.943275e-01	7.265380e-01
77	39	1.135284e+00	1.196306e+00	3.106646e+00	1.677613e+00
78	39	1.169532e+00	1.386536e+00	2.581953e+00	1.132496e+00
79	39	9.050072e-01	9.396968e-01	1.015500e+00	7.669308e-01
80	39	1.215720e+00	7.593246e-01	7.448262e-01	1.056555e+00
81	39	9.871222e-01	8.869550e-01	9.803605e-01	1.452314e+00
82	39	8.324823e-01	1.084129e+00	2.407945e+00	1.273358e+00
83	39	7.846220e-01	9.656803e-01	1.285735e+00	1.467024e+00
84	39	7.469357e-01	1.419871e+00	2.360117e+00	1.056235e+00
85	39	7.141060e-01	1.157694e+00	1.211636e+00	1.085240e+00
86	39	1.005260e+00	1.439210e+00	2.268314e+00	1.479851e+00
87	39	7.821925e-01	1.365253e+00	1.449585e+00	1.758988e+00
88	39	1.130716e+00	1.128995e+00	1.127508e+00	1.425885e+00
89	39	6.942612e-01	1.634810e+00	2.983734e+00	9.510818e-01
90	39	1.126303e+00	1.046270e+00	1.558309e+00	1.242977e+00
91	39	5.342234e-01	5.621621e-01	5.615136e-01	2.052649e+00
92	39	1.196508e+00	1.362902e+00	1.676288e+00	1.126555e+00
93	39	8.889450e-01	2.006082e+00	4.072116e+00	1.773715e+00
94	39	9.130941e-01	8.714019e-01	1.678343e+00	2.179304e+00
95	39	6.384780e-01	1.133873e+00	1.117275e+00	8.216062e-01
96	39	1.235763e+00	7.857671e-01	8.207468e-01	3.690744e+00
97	39	8.996192e-01	9.748031e-01	1.521497e+00	2.535649e+00
98	39	7.515312e-01	1.170240e+00	1.976047e+00	1.263262e+00
99	39	1.025211e+00	7.073204e-01	6.953718e-01	8.192805e-01
100	39	7.583969e-01	8.066804e-01	8.105304e-01	9.231042e-01
101	39	1.015769e+00	8.843814e-01	9.141157e-01	1.059034e+00
102	39	1.150317e+00	7.677327e-01	8.306790e-01	1.352292e+00
103	39	7.798079e-01	1.043502e+00	1.656965e+00	1.266982e+00
104	39	1.390506e+00	9.217813e-01	1.416130e+00	1.756246e+00
105	39	8.544025e-01	6.631866e-01	7.740198e-01	1.275887e+00
106	39	9.862162e-01	8.443355e-01	1.076639e+00	1.420113e+00
107	39	1.247306e+00	9.241178e-01	1.346199e+00	7.879884e-01
108	39	1.157950e+00	7.180483e-01	8.221050e-01	8.445069e-01
109	39	7.397759e-01	1.082946e+00	2.272984e+00	1.197447e+00
110	39	9.202265e-01	8.894260e-01	9.739209e-01	2.463253e+00
111	39	9.060008e-01	1.172513e+00	1.189864e+00	1.011661e+00
112	39	1.280088e+00	1.891324e+00	3.813080e+00	1.117094e+00
113	39	6.944183e-01	2.396929e+00	7.801793e+00	9.093294e-01
114	39	1.182848e+00	9.920563e-01	1.246430e+00	3.147416e+00
115	39	1.337714e+00	1.155330e+00	1.502882e+00	2.431314e+00
116	39	8.561708e-01	1.211153e+00	1.878948e+00	9.017929e-01
117	39	1.093106e+00	1.302073e+00	1.649105e+00	1.679536e+00
118	39	1.265951e+00	9.373020e-01	1.199993e+00	9.040905e-01
119	39	1.192220e+00	1.077783e+00	1.177041e+00	9.255516e-01
120	39	1.092833e+00	9.148599e-01	1.029301e+00	1.130284e+00
121	39	1.338870e+00	1.109529e+00	1.120819e+00	8.231026e-01
122	39	1.108262e+00	1.483769e+00	1.473984e+00	1.049676e+00
123	39	1.256883e+00	9.042881e-01	9.054026e-01	1.491004e+00
124	39	8.957711e-01	9.323314e-01	9.328071e-01	1.893382e+00
125	39	1.081124e+00	9.995927e-01	9.662724e-01	1.847173e+00
126	39	8.386214e-01	1.140829e+00	1.728155e+00	1.039995e+00
127	39	1.224152e+00	7.485374e-01	7.629998e-01	1.090453e+00
128	39	1.027868e+00	1.669747e+00	3.690587e+00	1.316935e+00
129	39	6.885705e-01	1.082084e+00	1.231927e+00	9.825438e-01
130	39	5.469824e-01	1.002145e+00	1.384962e+00	1.721982e+00
131	39	9.978213e-01	1.198155e+00	2.207731e+00	2.036864e+00
132	39	8.361177e-01	1.230053e+00	1.306533e+00	8.510261e-01
133	39	7.158919e-01	1.363067e+00	1.362059e+00	3.667893e+00
134	39	9.644869e-01	9.257973e-01	1.032150e+00	1.598869e+00
135	39	1.151001e+00	1.023521e+00	1.733529e+00	1.071022e+00
136	39	5.972445e-01	1.134887e+00	1.425658e+00	1.208216e+00
137	39	9.090972e-01	1.668026e+00	2.097121e+00	5.512681e-01
138	39	1.260016e+00	1.484530e+00	2.256859e+00	9.731988e-01
139	39	1.470201e+00	1.363597e+00	1.750911e+00	1.704879e+00
140	39	9.511495e-01	9.821592e-01	9.757575e-01	8.557636e-01
141	39	1.020071e+00	9.220311e-01	9.626844e-01	1.332074e+00
142	39	1.349143e+00	1.848540e+00	3.558463e+00	1.257179e+00
143	39	1.163861e+00	1.528845e+00	2.919321e+00	1.064202e+00
144	39	1.031735e+00	1.311222e+00	1.422262e+00	1.701607e+00
145	39	1.018340e+00	1.385135e+00	1.409463e+00	1.547818e+00
146	39	1.532435e+00	1.073168e+00	9.998625e-01	9.549121e-01
147	39	1.258942e+00	1.452678e+00	2.370098e+00	1.685623e+00
148	39	1.400454e+00	1.099414e+00	1.354599e+00	8.135336e-01
149	39	8.444544e-01	1.072847e+00	1.128627e+00	2.116121e+00
150	39	1.050185e+00	1.356876e+00	1.430317e+00	7.502442e-01
151	39	1.038177e+00	1.044509e+00	1.488480e+00	1.090516e+00
152	39	1.219074e+00	2.069692e+00	4.974189e+00	2.374429e+00
153	39	6.593450e-01	1.427831e+00	2.593690e+00	1.037633e+00
154	39	7.676489e-01	1.018299e+00	1.019672e+00	1.472338e+00
155	39	8.693701e-01	1.083785e+00	1.612949e+00	1.027696e+00
156	39	1.520904e+00	1.149610e+00	1.219446e+00	1.914629e+00
157	39	1.167673e+00	1.079587e+00	1.703565e+00	1.261669e+00
158	39	9.871713e-01	1.987289e+00	4.947187e+00	1.286290e+00
159	39	1.161240e+00	6.039514e-01	7.578021e-01	2.419465e+00
160	39	1.154826e+00	8.934673e-01	9.118555e-01	6.610279e-01
161	39	1.364727e+00	1.503676e+00	1.498008e+00	9.463628e-01
162	39	1.040190e+00	8.713287e-01	9.100283e-01	2.225395e+00
163	39	9.765970e-01	1.172544e+00	1.560796e+00	1.775070e+00
164	39	1.157710e+00	1.206066e+00	2.228690e+00	2.201957e+00
165	39	1.046075e+00	8.303389e-01	9.998568e-01	1.238750e+00
166	39	8.698574e-01	1.188361e+00	1.374391e+00	1.112460e+00
167	39	8.352453e-01	1.399436e+00	2.062432e+00	2.366166e+00
168	39	8.436086e-01	1.309718e+00	1.586947e+00	1.084340e+00
169	39	9.048590e-01	1.590161e+00	2.451556e+00	1.089614e+00
170	39	1.074959e+00	7.271227e-01	8.881159e-01	1.222630e+00
171	39	1.333709e+00	1.093117e+00	1.133749e+00	2.232852e+00
172	39	6.330426e-01	1.146115e+00	1.269208e+00	1.835256e+00
173	39	1.285142e+00	8.976589e-01	1.195206e+00	1.220458e+00
174	39	6.912923e-01	1.340582e+00	1.615104e+00	1.890774e+00
175	39	1.756406e+00	1.143906e+00	1.819414e+00	2.494395e+00
176	39	7.979242e-01	9.233795e-01	1.117498e+00	1.470619e+00
177	39	7.569335e-01	9.993652e-01	9.902834e-01	1.075851e+00
178	39	8.882911e-01	1.208471e+00	2.541856e+00	1.038284e+00
179	39	1.195911e+00	8.874571e-01	1.163505e+00	1.496334e+00
180	39	1.062098e+00	1.004725e+00	1.014415e+00	8.683955e-01
181	39	1.473347e+00	6.043739e-01	6.046161e-01	2.469706e+00
182	39	1.236496e+00	8.902921e-01	1.301039e+00	5.920957e-01
183	39	1.111813e+00	1.621926e+00	1.922220e+00	2.330113e+00
184	39	1.064981e+00	1.031960e+00	1.307745e+00	1.166761e+00
185	39	1.153387e+00	1.375693e+00	1.394745e+00	9.977262e-01
186	39	1.022320e+00	1.489759e+00	2.538749e+00	1.156636e+00
187	39	1.166137e+00	9.975584e-01	1.325078e+00	2.271253e+00
188	39	1.104113e+00	1.152377e+00	1.424846e+00	1.015331e+00
189	39	1.084854e+00	1.263367e+00	1.813695e+00	6.151321e+00
190	39	9.220422e-01	1.124245e+00	1.621023e+00	1.124824e+00
191	39	9.843252e-01	9.882608e-01	9.622951e-01	2.252017e+00
192	39	8.348902e-01	1.380113e+00	1.427256e+00	7.023435e-01
193	39	7.826578e-01	9.982989e-01	1.270508e+00	1.405397e+00
194	39	8.287301e-01	1.493262e+00	1.652848e+00	1.424600e+00
195	39	1.082519e+00	1.155186e+00	1.423691e+00	8.362291e-01
196	39	9.063184e-01	1.515826e+00	2.561316e+00	1.565201e+00
197	39	1.053145e+00	9.348978e-01	1.014593e+00	9.527513e-01
198	39	9.026144e-01	1.650597e+00	3.138700e+00	2.208978e+00
199	39	9.222631e-01	1.057581e+00	1.113112e+00	1.080714e+00
200	39	6.963701e-01	1.747470e+00	3.157497e+00	1.459405e+00
201	39	9.234540e-01	9.158628e-01	1.575886e+00	6.097931e+00
202	39	1.088987e+00	1.467032e+00	3.155973e+00	2.440433e+00
203	39	6.286510e-01	7.394520e-01	9.931331e-01	2.130831e+00
204	39	1.366844e+00	7.630334e-01	1.086143e+00	1.184051e+00
205	39	1.443630e+00	1.110416e+00	1.410396e+00	4.954305e-01
206	39	1.125427e+00	8.451121e-01	1.023918e+00	1.888121e+00
207	39	7.511602e-01	1.583805e+00	3.102700e+00	8.827697e-01
208	39	5.921018e-01	1.079055e+00	1.579703e+00	7.825203e-01
209	39	8.328539e-01	1.332068e+00	1.591093e+00	1.307610e+00
210	39	1.286688e+00	7.991167e-01	8.498253e-01	2.786809e+00
211	39	9.295498e-01	1.229186e+00	1.665311e+00	1.214228e+00
212	39	1.427281e+00	1.745905e+00	3.210736e+00	8.243183e-01
213	39	6.846773e-01	1.221854e+00	1.340195e+00	2.386658e+00
214	39	9.449990e-01	9.434517e-01	1.794654e+00	1.024406e+00
215	39	1.179262e+00	9.234892e-01	9.354009e-01	1.652748e+00
216	39	8.260893e-01	7.223493e-01	7.091315e-01	1.457852e+00
217	39	9.420926e-01	9.176128e-01	9.198378e-01	2.221531e+00
218	39	1.155690e+00	9.828157e-01	1.009058e+00	1.883656e+00
219	39	8.812135e-01	1.056497e+00	1.840406e+00	4.085181e+00
220	39	1.149098e+00	1.035036e+00	1.517309e+00	9.101768e-01
221	39	9.329841e-01	1.111050e+00	1.132089e+00	1.213210e+00
222	39	1.119136e+00	1.597259e+00	1.921771e+00	1.709915e+00
223	39	8.858423e-01	1.159887e+00	1.648047e+00	1.663938e+00
224	39	8.799739e-01	1.034577e+00	1.016939e+00	1.521052e+00
225	39	1.214544e+00	1.033170e+00	1.055234e+00	2.154339e+00
226	39	1.151320e+00	1.098428e+00	1.051167e+00	2.579322e+00
227	39	6.289456e-01	1.214089e+00	1.676128e+00	1.614659e+00
228	39	8.127349e-01	1.320690e+00	2.053201e+00	8.420440e-01
229	39	8.229822e-01	1.105963e+00	1.496170e+00	1.982375e+00
230	39	7.972255e-01	8.511610e-01	8.589794e-01	1.573761e+00
231	39	1.267524e+00	1.138429e+00	1.101517e+00	2.532026e+00
232	39	9.089018e-01	1.276650e+00	2.736617e+00	8.542659e-01
233	39	9.822907e-01	1.464064e+00	2.762255e+00	9.888041e-01
234	39	9.591500e-01	1.525797e+00	2.148553e+00	8.382061e-01
235	39	1.149795e+00	1.325837e+00	2.013376e+00	1.607212e+00
236	39	7.588486e-01	1.238123e+00	1.321830e+00	8.935656e-01
237	39	1.328269e+00	1.323165e+00	1.823120e+00	1.578250e+00
238	39	1.148939e+00	1.028149e+00	1.068034e+00	1.106366e+00
239	39	7.427220e-01	1.491388e+00	1.582937e+00	1.357408e+00
240	39	1.561106e+00	9.407812e-01	9.556765e-01	1.607885e+00
241	39	1.250315e+00	1.008668e+00	1.161084e+00	4.525666e+00
242	39	1.380696e+00	1.294713e+00	2.252137e+00	1.459906e+00
243	39	8.645680e-01	1.232699e+00	1.937308e+00	1.597611e+00
244	39	8.125245e-01	1.370190e+00	1.425488e+00	9.390144e-01
245	39	9.888178e-01	1.548184e+00	2.720729e+00	7.337496e-01
246	39	5.942904e-01	9.458272e-01	1.125579e+00	1.280985e+00
247	39	1.089482e+00	9.165457e-01	9.130361e-01	1.672485e+00
248	39	1.152133e+00	1.345342e+00	1.341739e+00	1.152200e+00
249	39	5.523723e-01	9.721545e-01	9.973723e-01	1.010978e+00
250	39	8.554604e-01	1.529773e+00	2.456839e+00	9.787958e-01
251	39	6.715391e-01	1.515822e+00	1.596694e+00	1.495288e+00
252	39	9.117229e-01	1.019719e+00	1.043498e+00	7.438711e-01
253	39	1.231690e+00	1.237804e+00	1.465153e+00	1.240934e+00
254	39	1.795960e+00	1.054806e+00	1.044543e+00	1.243812e+00
255	39	1.128130e+00	1.121276e+00	1.817149e+00	1.502363e+00
256	39	1.138360e+00	1.216443e+00	1.243676e+00	1.817780e+00
257	39	9.924474e-01	7.025824e-01	7.788175e-01	8.723613e-01
258	39	1.094376e+00	1.264026e+00	1.322206e+00	6.785433e-01
259	39	9.332014e-01	9.738976e-01	1.146020e+00	1.088536e+00
260	39	8.791245e-01	1.162496e+00	1.166391e+00	2.245688e+00
261	39	1.131689e+00	1.440654e+00	2.096318e+00	1.267222e+00
262	39	9.133685e-01	1.031671e+00	1.710984e+00	9.939271e-01
263	39	9.752966e-01	1.605657e+00	1.605994e+00	1.590531e+00
264	39	1.124561e+00	9.481896e-01	1.473350e+00	6.856510e-01
265	39	1.283915e+00	6.236273e-01	6.390011e-01	9.509257e-01
266	39	8.085675e-01	1.252794e+00	1.648338e+00	1.087584e+00
267	39	8.659273e-01	9.160371e-01	9.395363e-01	9.072443e-01
268	39	5.734227e-01	1.090030e+00	1.358622e+00	1.713023e+00
269	39	7.918792e-01	1.338626e+00	2.811966e+00	1.364129e+00
270	39	7.462928e-01	1.071916e+00	1.346207e+00	1.762916e+00
271	39	9.261564e-01	6.020489e-01	6.576381e-01	2.480736e+00
272	39	1.289439e+00	1.471135e+00	2.485952e+00	9.840601e-01
273	39	1.197985e+00	1.508011e+00	2.638897e+00	2.965873e+00
274	39	6.468099e-01	9.896236e-01	1.048850e+00	1.087688e+00
275	39	9.185709e-01	1.777858e+00	3.390809e+00	2.531759e+00
276	39	1.332425e+00	5.782130e-01	6.018852e-01	1.303852e+00
277	39	6.957078e-01	9.293160e-01	1.352853e+00	2.069051e+00
278	39	1.178600e+00	1.304466e+00	2.397208e+00	1.617482e+00
279	39	9.920244e-01	1.146143e+00	1.092350e+00	1.907931e+00
280	39	9.436828e-01	1.271714e+00	1.265773e+00	6.814063e-01
281	39	8.839691e-01	1.178091e+00	1.192147e+00	1.443516e+00
282	39	9.135171e-01	1.092388e+00	1.715109e+00	3.198127e+00
283	39	9.567931e-01	1.119782e+00	1.386544e+00	4.272347e+00
284	39	1.456658e+00	6.504366e-01	7.691026e-01	9.831456e-01
285	39	1.111408e+00	1.508586e+00	1.957160e+00	1.723876e+00
286	39	9.492484e-01	9.878309e-01	1.232881e+00	3.006919e+00
287	39	1.447689e+00	6.928665e-01	9.712257e-01	8.001408e-01
288	39	1.246813e+00	1.079971e+00	1.443388e+00	2.357771e+00
289	39	6.425038e-01	1.290361e+00	2.058989e+00	1.380937e+00
290	39	6.474527e-01	1.262305e+00	1.467841e+00	1.414067e+00
291	39	1.184534e+00	8.503123e-01	1.403616e+00	7.915615e-01
292	39	9.977370e-01	1.083858e+00	1.609065e+00	1.035476e+00
293	39	1.276508e+00	6.924776e-01	7.571146e-01	8.935726e-01
294	39	1.351643e+00	1.310018e+00	1.455108e+00	8.832935e-01
295	39	1.150814e+00	9.648936e-01	1.020701e+00	1.353105e+00
296	39	1.414594e+00	1.238080e+00	1.923467e+00	1.572045e+00
297	39	8.825114e-01	1.643265e+00	2.579250e+00	1.781032e+00
298	39	7.316732e-01	9.195219e-01	1.450697e+00	1.147649e+00
299	39	8.920944e-01	2.120467e+00	4.800720e+00	1.533475e+00
300	39	1.181721e+00	1.289121e+00	2.953452e+00	1.085038e+00
301	39	1.140177e+00	1.000960e+00	1.107808e+00	1.876072e+00
302	39	1.433367e+00	1.310297e+00	1.395159e+00	2.305308e+00
303	39	1.042670e+00	6.936489e-01	8.792220e-01	8.791992e-01
304	39	6.691139e-01	1.019422e+00	9.756857e-01	3.333080e+00
305	39	7.550815e-01	1.060458e+00	1.149632e+00	7.621627e-01
306	39	9.415373e-01	1.653347e+00	3.226334e+00	7.931339e-01
307	39	6.355724e-01	1.029272e+00	1.392073e+00	1.337971e+00
308	39	1.304514e+00	6.722125e-01	1.028719e+00	8.687346e-01
309	39	1.005690e+00	1.096497e+00	1.579262e+00	9.672393e-01
310	39	1.064266e+00	9.379580e-01	1.063755e+00	8.061896e-01
311	39	1.247223e+00	1.094299e+00	1.309501e+00	1.641159e+00
312	39	8.513922e-01	1.153301e+00	1.236918e+00	2.257462e+00
313	39	1.305397e+00	3.887123e-01	4.174455e-01	1.027928e+00
314	39	6.901897e-01	1.123190e+00	2.529633e+00	1.017885e+00
315	39	8.700767e-01	1.638760e+00	2.444922e+00	2.014384e+00
316	39	1.161652e+00	7.504664e-01	7.588799e-01	7.509241e-01
317	39	1.069357e+00	7.961732e-01	8.879749e-01	1.775772e+00
318	39	1.221317e+00	1.146738e+00	1.148958e+00	1.696812e+00
319	39	1.067796e+00	9.588214e-01	9.439949e-01	1.765201e+00
320	39	9.926999e-01	7.082478e-01	7.386397e-01	9.450141e-01
321	39	8.728180e-01	9.463866e-01	1.093702e+00	1.404071e+00
322	39	9.261697e-01	1.035779e+00	1.061662e+00	3.102131e+00
323	39	1.048343e+00	7.547298e-01	1.361285e+00	9.420578e-01
324	39	6.963450e-01	1.423866e+00	1.990405e+00	1.458395e+00
325	39	1.198844e+00	6.744881e-01	1.375182e+00	2.013747e+00
326	39	7.709565e-01	9.302150e-01	1.169945e+00	4.395133e+00
327	39	7.310366e-01	9.062425e-01	1.700847e+00	1.328348e+00
328	39	6.667761e-01	1.115167e+00	1.790597e+00	1.238932e+00
329	39	7.768666e-01	6.853791e-01	7.239855e-01	1.309394e+00
330	39	1.190601e+00	8.557276e-01	1.308435e+00	3.036305e+00
331	39	6.631401e-01	1.582364e+00	4.412780e+00	1.524570e+00
332	39	1.048739e+00	6.711363e-01	8.303631e-01	1.952715e+00
333	39	1.177128e+00	1.173387e+00	1.213644e+00	4.743855e+00
334	39	5.329284e-01	8.998411e-01	9.236755e-01	8.519638e-01
335	39	8.980449e-01	1.496229e+00	2.062554e+00	1.210537e+00
336	39	1.569365e+00	9.776229e-01	1.208718e+00	8.768332e-01
337	39	9.226036e-01	9.076586e-01	9.803977e-01	1.365963e+00
338	39	7.311857e-01	1.104208e+00	1.254692e+00	1.122488e+00
339	39	9.841665e-01	1.424188e+00	1.421034e+00	1.741042e+00
340	39	9.725419e-01	1.109688e+00	1.751305e+00	1.670969e+00
341	39	1.166414e+00	1.147194e+00	1.357486e+00	1.322991e+00
342	39	9.093618e-01	8.267529e-01	1.263142e+00	1.032564e+00
343	39	8.673192e-01	7.608467e-01	1.161302e+00	1.661143e+00
344	39	9.277203e-01	1.002872e+00	1.265369e+00	1.085830e+00
345	39	7.641652e-01	1.371787e+00	1.792925e+00	1.275582e+00
346	39	1.005841e+00	9.126691e-01	1.257829e+00	1.146404e+00
347	39	7.165084e-01	9.022047e-01	1.187235e+00	1.337079e+00
348	39	9.631620e-01	8.730375e-01	1.543249e+00	9.377638e-01
349	39	1.141613e+00	1.644292e+00	2.524507e+00	1.002515e+00
350	39	1.364777e+00	1.312163e+00	2.169895e+00	1.224595e+00
351	39	9.704997e-01	1.299454e+00	1.887776e+00	9.259102e-01
352	39	9.297638e-01	8.959697e-01	9.594389e-01	9.371088e-01
353	39	5.121976e-01	9.650722e-01	1.072148e+00	1.514690e+00
354	39	9.655985e-01	9.047866e-01	9.908813e-01	1.241171e+00
355	39	1.075129e+00	1.742100e+00	3.009907e+00	1.235839e+00
356	39	8.806745e-01	1.257681e+00	1.430966e+00	1.077396e+00
357	39	8.551777e-01	1.026672e+00	1.023987e+00	1.033283e+00
358	39	8.263840e-01	1.140877e+00	1.146919e+00	1.254551e+00
359	39	7.638043e-01	9.020492e-01	1.131012e+00	3.210582e+00
360	39	7.734114e-01	8.265875e-01	8.280199e-01	1.479301e+00
361	39	9.618725e-01	1.265990e+00	1.421687e+00	9.659914e-01
362	39	8.720456e-01	1.203623e+00	1.689373e+00	1.440246e+00
363	39	1.024722e+00	1.128950e+00	1.127111e+00	1.569956e+00
364	39	1.110206e+00	1.737126e+00	2.713100e+00	9.289131e-01
365	39	1.314301e+00	8.892675e-01	2.011081e+00	2.371946e+00
366	39	6.381144e-01	8.797627e-01	8.830884e-01	1.398519e+00
367	39	1.099041e+00	8.374676e-01	1.076482e+00	2.275688e+00
368	39	6.452171e-01	9.502312e-01	1.198963e+00	1.629892e+00
369	39	1.338195e+00	1.071127e+00	1.623871e+00	1.435363e+00
370	39	1.167444e+00	1.094196e+00	1.297650e+00	8.729862e-01
371	39	9.681114e-01	1.168441e+00	1.171076e+00	1.428137e+00
372	39	1.212223e+00	1.603327e+00	2.657872e+00	1.258573e+00
373	39	1.075459e+00	8.847073e-01	9.642016e-01	8.175972e-01
374	39	1.035852e+00	9.894978e-01	9.787038e-01	7.097431e-01
375	39	1.459939e+00	9.008208e-01	8.875618e-01	1.097189e+00
376	39	1.074236e+00	1.513469e+00	2.710508e+00	1.976836e+00
377	39	1.333178e+00	1.019132e+00	1.023337e+00	1.404249e+00
378	39	8.596737e-01	2.493095e+00	6.130357e+00	1.132355e+00
379	39	9.858315e-01	1.124206e+00	1.163527e+00	1.558442e+00
380	39	8.196784e-01	1.157097e+00	2.016184e+00	7.470961e-01
381	39	1.491288e+00	1.031843e+00	1.041837e+00	1.766131e+00
382	39	7.598120e-01	1.217436e+00	1.467556e+00	1.096003e+00
383	39	1.037291e+00	1.085109e+00	1.142096e+00	6.300256e-01
384	39	1.036566e+00	9.606589e-01	1.245676e+00	2.177870e+00
385	39	1.397725e+00	9.430137e-01	1.386431e+00	9.007136e-01
386	39	1.066823e+00	7.658944e-01	8.322875e-01	1.127408e+00
387	39	1.104346e+00	1.001620e+00	1.110966e+00	8.130039e-01
388	39	1.169529e+00	1.097296e+00	1.174434e+00	1.735616e+00
389	39	7.422402e-01	9.472724e-01	9.597259e-01	8.227716e-01
390	39	1.058019e+00	1.182040e+00	1.565287e+00	1.359914e+00
391	39	8.006393e-01	8.688046e-01	1.342587e+00	1.179740e+00
392	39	5.951767e-01	7.941207e-01	1.433403e+00	2.803143e+00
393	39	1.341308e+00	7.018872e-01	7.543095e-01	9.071583e-01
394	39	1.235951e+00	9.787457e-01	1.255067e+00	1.269490e+00
395	39	9.668790e-01	8.631507e-01	8.731219e-01	1.073833e+00
396	39	1.134088e+00	1.095993e+00	1.223620e+00	3.049963e+00
397	39	9.168320e-01	6.665543e-01	6.745212e-01	3.854319e+00
398	39	1.102135e+00	1.006565e+00	1.183842e+00	1.754355e+00
399	39	9.635359e-01	7.247272e-01	7.225047e-01	2.025959e+00
400	39	1.200636e+00	1.491913e+00	3.393678e+00	1.464017e+00
401	39	9.710103e-01	6.154265e-01	6.205338e-01	8.516553e-01
402	39	3.907633e-01	9.387062e-01	1.284820e+00	8.244354e-01
403	39	8.924601e-01	8.384558e-01	8.420475e-01	1.229387e+00
404	39	7.535923e-01	9.648372e-01	1.352005e+00	8.606592e-01
405	39	1.316209e+00	1.144319e+00	2.191958e+00	1.161495e+00
406	39	9.269514e-01	1.055529e+00	1.091958e+00	1.145063e+00
407	39	7.072151e-01	1.204193e+00	1.626854e+00	1.699036e+00
408	39	7.646439e-01	9.165739e-01	1.503225e+00	1.230662e+00
409	39	1.109995e+00	1.521425e+00	2.568269e+00	1.123956e+00
410	39	9.385601e-01	7.358697e-01	1.057408e+00	2.454269e+00
411	39	1.258811e+00	1.007988e+00	1.364420e+00	9.318841e-01
412	39	9.492614e-01	8.017463e-01	8.610742e-01	9.731579e-01
413	39	1.001846e+00	6.988358e-01	7.408394e-01	7.878354e-01
414	39	9.167777e-01	9.572153e-01	2.402296e+00	1.203048e+00
415	39	7.869472e-01	1.026774e+00	1.097008e+00	1.118987e+00
416	39	5.663383e-01	1.655761e+00	2.701753e+00	1.288214e+00
417	39	1.010035e+00	1.301698e+00	2.304371e+00	1.136727e+00
418	39	9.115520e-01	1.133075e+00	1.690702e+00	1.461535e+00
419	39	7.647910e-01	1.507207e+00	1.989859e+00	1.818210e+00
420	39	8.830867e-01	1.182690e+00	1.291427e+00	7.957778e-01
421	39	1.416539e+00	1.254811e+00	1.525579e+00	4.181112e+00
422	39	7.183336e-01	1.165078e+00	1.150642e+00	8.971515e-01
423	39	1.110617e+00	1.188820e+00	1.217520e+00	7.651285e-01
424	39	9.525542e-01	1.341854e+00	2.196592e+00	1.834095e+00
425	39	7.974403e-01	1.448723e+00	2.139672e+00	7.096290e-01
426	39	9.434941e-01	1.028549e+00	1.063562e+00	7.215557e-01
427	39	7.864949e-01	9.180188e-01	9.251386e-01	1.523141e+00
428	39	7.024959e-01	1.457878e+00	2.258526e+00	6.373200e-01
429	39	7.969669e-01	1.120385e+00	1.513637e+00	7.861597e-01
430	39	1.363568e+00	9.001813e-01	8.861940e-01	1.407315e+00
431	39	9.294268e-01	9.132136e-01	9.139135e-01	1.286579e+00
432	39	7.395628e-01	9.426427e-01	9.406691e-01	1.242661e+00
433	39	7.715128e-01	7.940407e-01	7.996546e-01	8.836632e-01
434	39	1.108182e+00	1.311674e+00	2.486803e+00	1.007527e+00
435	39	9.350968e-01	1.460972e+00	1.899928e+00	1.848911e+00
436	39	1.013519e+00	1.105802e+00	1.160349e+00	2.087037e+00
437	39	6.701388e-01	1.279491e+00	1.297075e+00	9.576613e-01
438	39	1.121459e+00	1.250406e+00	1.969012e+00	1.295640e+00
439	39	8.605452e-01	7.925760e-01	1.234573e+00	1.066671e+00
440	39	7.735765e-01	8.853308e-01	1.243742e+00	1.470494e+00
441	39	9.252980e-01	9.584888e-01	1.034765e+00	1.966930e+00
442	39	8.478127e-01	1.087018e+00	1.180576e+00	9.225573e-01
443	39	1.489101e+00	1.267449e+00	2.158536e+00	8.920504e-01
444	39	1.001864e+00	7.348353e-01	9.697827e-01	9.015126e-01
445	39	8.937155e-01	1.581600e+00	2.542089e+00	8.441952e-01
446	39	8.244451e-01	1.227139e+00	1.449829e+00	1.571601e+00
447	39	1.090507e+00	1.490256e+00	3.302415e+00	3.804084e+00
448	39	1.375225e+00	1.039881e+00	1.033108e+00	1.194349e+00
449	39	1.156751e+00	8.511629e-01	9.976404e-01	1.921469e+00
450	39	1.117556e+00	1.009126e+00	1.169455e+00	9.516384e-01
451	39	8.097990e-01	1.246964e+00	1.376218e+00	1.061256e+00
452	39	4.712365e-01	1.084984e+00	1.081820e+00	9.384299e-01
453	39	1.042815e+00	8.532332e-01	2.288818e+00	8.847315e-01
454	39	8.036807e-01	8.630208e-01	9.269416e-01	1.091912e+00
455	39	9.099855e-01	1.285554e+00	1.756131e+00	1.011145e+00
456	39	8.736736e-01	1.059378e+00	1.002121e+00	1.760782e+00
457	39	1.092239e+00	7.599630e-01	1.003736e+00	1.487407e+00
458	39	9.982620e-01	1.591571e+00	2.810050e+00	1.007609e+00
459	39	1.633905e+00	6.629495e-01	8.950266e-01	1.189578e+00
460	39	1.698391e+00	8.162777e-01	1.028985e+00	8.941611e-01
461	39	1.066447e+00	1.210981e+00	1.822205e+00	9.197571e-01
462	39	8.804420e-01	8.794188e-01	9.512987e-01	1.732253e+00
463	39	1.692360e+00	1.487996e+00	3.339962e+00	4.200755e+00
464	39	5.954545e-01	9.726336e-01	9.561310e-01	3.105642e+00
465	39	7.046869e-01	8.610097e-01	1.154706e+00	1.706777e+00
466	39	8.725534e-01	9.944914e-01	1.016196e+00	4.667134e+00
467	39	1.106171e+00	1.163586e+00	1.530652e+00	8.991836e-01
468	39	1.087684e+00	7.190199e-01	7.203975e-01	2.531466e+00
469	39	8.853498e-01	1.457235e+00	1.885939e+00	1.022644e+00
470	39	9.662167e-01	8.457480e-01	8.743860e-01	1.464093e+00
471	39	9.891092e-01	8.350037e-01	9.128577e-01	2.126193e+00
472	39	1.156579e+00	1.300242e+00	2.270765e+00	1.332390e+00
473	39	8.880189e-01	8.516759e-01	9.302531e-01	3.227541e+00
474	39	1.080434e+00	1.522206e+00	1.570103e+00	2.204069e+00
475	39	8.107245e-01	8.959407e-01	1.392586e+00	5.228657e-01
476	39	9.612789e-01	1.696426e+00	1.733199e+00	3.303001e+00
477	39	6.912333e-01	9.224956e-01	1.014016e+00	4.703280e-01
478	39	1.119616e+00	1.176937e+00	1.201895e+00	1.490658e+00
479	39	9.752290e-01	1.812432e+00	4.590493e+00	8.256389e-01
480	39	8.593191e-01	6.405822e-01	6.429168e-01	1.324215e+00
481	39	7.043805e-01	8.363798e-01	1.289169e+00	1.098367e+00
482	39	8.718902e-01	9.282816e-01	9.273065e-01	8.904582e-01
483	39	1.080036e+00	8.620572e-01	9.026486e-01	2.546525e+00
484	39	1.221367e+00	1.059021e+00	1.441673e+00	1.160575e+00
485	39	9.355102e-01	1.145413e+00	1.231228e+00	2.466176e+00
486	39	1.024923e+00	7.192376e-01	1.447325e+00	1.724928e+00
487	39	1.168127e+00	1.549004e+00	2.226032e+00	1.209706e+00
488	39	1.413876e+00	1.068033e+00	1.794628e+00	1.447271e+00
489	39	8.780697e-01	6.510668e-01	6.822806e-01	9.527057e-01
490	39	7.376229e-01	8.839039e-01	1.256911e+00	8.627882e-01
491	39	1.104242e+00	1.119934e+00	1.131584e+00	1.496479e+00
492	39	7.609250e-01	9.076796e-01	9.181119e-01	1.901159e+00
493	39	7.394851e-01	1.870415e+00	2.487404e+00	6.917422e-01
494	39	1.266448e+00	1.147245e+00	2.005653e+00	1.938665e+00
495	39	9.087593e-01	1.373035e+00	1.439324e+00	8.106341e-01
496	39	1.009078e+00	1.104190e+00	1.368798e+00	2.694941e+00
497	39	1.099019e+00	1.006408e+00	1.370697e+00	7.685702e-01
498	39	9.859631e-01	9.143178e-01	1.072966e+00	7.896867e-01
499	39	1.183359e+00	1.345856e+00	1.416573e+00	1.317866e+00
500	39	6.333373e-01	1.366344e+00	3.044796e+00	1.045300e+00
501	39	1.494684e+00	9.907381e-01	1.454042e+00	2.793567e+00
502	39	1.047656e+00	7.265974e-01	7.916268e-01	2.534850e+00
503	39	6.774093e-01	1.415859e+00	1.688150e+00	1.102177e+00
504	39	6.159496e-01	9.676039e-01	1.232378e+00	8.051196e-01
505	39	1.310021e+00	1.631457e+00	3.395747e+00	1.399027e+00
506	39	6.217471e-01	1.028574e+00	1.080791e+00	1.943473e+00
507	39	1.169333e+00	1.767971e+00	2.705943e+00	8.393017e-01
508	39	1.168455e+00	7.940344e-01	1.626510e+00	8.594762e-01
509	39	1.154700e+00	9.211265e-01	1.034087e+00	8.607974e-01
510	39	1.221574e+00	5.194101e-01	5.175932e-01	7.043117e-01
511	39	9.462557e-01	1.115955e+00	2.205607e+00	1.883699e+00
512	39	1.426702e+00	1.342485e+00	1.456022e+00	3.821549e+00
513	39	7.111609e-01	9.101396e-01	9.287356e-01	1.103988e+00
514	39	8.706189e-01	9.236906e-01	9.267996e-01	1.251427e+00
515	39	7.047528e-01	9.939297e-01	1.094602e+00	1.153874e+00
516	39	8.862979e-01	6.383005e-01	6.807344e-01	1.956638e+00
517	39	9.582655e-01	1.470838e+00	2.063298e+00	2.281400e+00
518	39	1.147015e+00	1.316747e+00	1.652613e+00	2.058731e+00
519	39	1.344397e+00	1.057330e+00	1.057718e+00	2.608115e+00
520	39	7.713133e-01	1.087258e+00	1.134713e+00	1.230328e+00
521	39	8.109566e-01	9.013616e-01	1.158446e+00	1.457838e+00
522	39	1.304883e+00	1.396675e+00	2.016545e+00	9.868704e-01
523	39	7.756603e-01	7.912623e-01	7.900501e-01	1.491136e+00
524	39	6.598938e-01	9.156428e-01	9.419420e-01	1.583282e+00
525	39	8.812360e-01	1.005234e+00	1.208475e+00	9.361306e-01
526	39	1.259545e+00	1.062909e+00	1.060019e+00	1.211195e+00
527	39	1.650665e+00	9.059401e-01	1.406945e+00	9.502729e-01
528	39	8.318795e-01	1.177238e+00	1.377223e+00	1.113355e+00
529	39	6.785037e-01	1.757023e+00	2.588608e+00	3.832479e+00
530	39	9.169718e-01	8.178765e-01	8.661605e-01	1.252647e+00
531	39	7.736471e-01	8.967107e-01	8.980426e-01	1.657847e+00
532	39	1.009844e+00	8.551265e-01	9.019853e-01	9.339286e-01
533	39	6.398337e-01	6.428258e-01	6.471179e-01	5.596200e+00
534	39	9.184761e-01	1.682917e+00	2.673361e+00	2.636703e+00
535	39	1.346154e+00	1.195330e+00	1.202191e+00	1.061697e+00
536	39	8.721896e-01	1.237069e+00	1.291696e+00	3.587723e+00
537	39	9.583003e-01	1.576818e+00	1.906393e+00	1.438613e+00
538	39	9.213579e-01	1.168387e+00	1.746957e+00	1.590844e+00
539	39	9.234650e-01	9.902438e-01	1.048329e+00	1.039882e+00
540	39	8.306616e-01	1.063771e+00	1.414580e+00	1.244657e+00
541	39	8.807576e-01	1.568289e+00	2.325268e+00	1.796638e+00
542	39	1.507362e+00	1.482686e+00	3.323665e+00	3.069587e+00
543	39	7.771784e-01	8.507203e-01	8.551421e-01	1.873867e+00
544	39	9.128135e-01	9.972634e-01	1.216385e+00	9.596164e-01
545	39	8.786796e-01	1.250699e+00	1.415813e+00	1.138034e+00
546	39	6.100944e-01	1.089377e+00	1.156247e+00	1.241290e+00
547	39	8.296825e-01	1.325639e+00	2.447653e+00	1.256273e+00
548	39	7.611563e-01	8.821366e-01	1.144007e+00	9.668440e-01
549	39	8.504098e-01	9.484190e-01	1.206947e+00	5.869732e-01
550	39	7.585941e-01	9.804855e-01	1.122886e+00	1.827322e+00
551	39	1.093508e+00	8.897252e-01	1.456914e+00	1.813001e+00
552	39	9.750066e-01	8.604794e-01	1.097294e+00	8.028076e-01
553	39	9.674589e-01	8.417017e-01	1.013177e+00	1.900967e+00
554	39	1.084792e+00	1.628883e+00	1.638854e+00	2.586676e+00
555	39	1.178616e+00	1.214291e+00	1.486652e+00	1.351764e+00
556	39	1.122614e+00	1.092404e+00	1.327375e+00	2.093322e+00
557	39	1.315222e+00	1.200268e+00	1.312368e+00	2.185021e+00
558	39	1.083101e+00	9.152104e-01	1.094010e+00	1.000631e+00
559	39	1.178739e+00	9.927382e-01	1.064361e+00	1.003665e+00
560	39	7.307960e-01	1.026830e+00	1.026207e+00	7.890725e-01
561	39	8.438413e-01	1.003671e+00	1.003426e+00	5.509169e-01
562	39	1.206613e+00	1.017344e+00	2.323958e+00	1.578153e+00
563	39	7.433968e-01	1.258989e+00	1.740665e+00	1.627300e+00
564	39	1.184663e+00	1.251723e+00	1.274925e+00	7.827733e-01
565	39	6.283830e-01	1.238079e+00	1.500792e+00	7.706322e-01
566	39	1.099296e+00	1.217805e+00	1.333070e+00	1.151028e+00
567	39	1.462078e+00	1.118867e+00	1.542442e+00	2.265480e+00
568	39	8.918374e-01	1.075409e+00	2.006815e+00	2.210254e+00
569	39	1.237930e+00	1.087377e+00	1.481336e+00	1.135824e+00
570	39	1.158002e+00	9.220969e-01	9.366789e-01	9.962004e-01
571	39	1.064889e+00	1.164343e+00	1.339164e+00	1.198024e+00
572	39	1.250783e+00	8.461394e-01	1.028268e+00	1.192234e+00
573	39	1.079890e+00	1.226470e+00	1.228150e+00	1.250529e+00
574	39	9.448003e-01	9.846533e-01	1.099605e+00	2.767405e+00
575	39	1.071235e+00	1.320862e+00	1.395203e+00	1.384400e+00
576	39	1.179619e+00	1.000742e+00	1.724402e+00	1.112103e+00
577	39	1.202159e+00	1.872385e+00	2.867984e+00	1.197647e+00
578	39	7.907607e-01	8.022679e-01	8.312578e-01	1.389438e+00
579	39	1.762561e+00	1.032709e+00	1.027625e+00	1.370257e+00
580	39	1.321984e+00	1.379424e+00	2.669969e+00	8.128598e-01
581	39	7.545198e-01	6.749028e-01	6.626850e-01	1.258517e+00
582	39	7.971242e-01	7.431490e-01	8.561055e-01	1.240854e+00
583	39	1.121250e+00	1.036761e+00	1.308633e+00	2.803165e+00
584	39	1.023560e+00	1.086219e+00	1.843063e+00	1.366788e+00
585	39	6.857904e-01	1.181318e+00	1.207181e+00	1.482367e+00
586	39	7.315490e-01	1.089858e+00	1.118526e+00	1.306424e+00
587	39	1.263430e+00	9.657204e-01	1.016527e+00	9.069548e-01
588	39	8.090054e-01	1.207105e+00	1.498795e+00	1.026678e+00
589	39	7.416561e-01	1.250231e+00	1.431079e+00	2.244725e+00
590	39	1.287311e+00	1.106709e+00	1.123205e+00	1.507263e+00
591	39	7.166076e-01	1.291390e+00	1.997532e+00	1.103624e+00
592	39	1.159558e+00	6.734595e-01	6.689414e-01	7.224871e-01
593	39	7.371674e-01	1.103596e+00	1.585106e+00	1.332505e+00
594	39	8.110603e-01	1.062126e+00	1.836426e+00	1.373531e+00
595	39	9.801887e-01	1.339003e+00	1.580345e+00	1.063077e+00
596	39	7.508039e-01	9.172071e-01	1.112303e+00	9.085488e-01
597	39	1.133571e+00	1.251805e+00	1.245739e+00	1.003012e+00
598	39	7.321160e-01	1.127797e+00	1.719839e+00	1.069573e+00
599	39	6.298201e-01	8.082276e-01	1.306147e+00	9.258489e-01
600	39	1.057717e+00	9.006756e-01	1.279963e+00	1.396818e+00
601	39	1.217837e+00	1.128131e+00	1.636255e+00	7.313853e-01
602	39	1.022934e+00	1.643921e+00	1.919390e+00	1.117597e+00
603	39	1.380010e+00	1.159958e+00	1.735836e+00	8.475381e-01
604	39	1.051367e+00	1.046194e+00	1.029689e+00	8.481088e-01
605	39	1.119548e+00	1.143958e+00	1.358820e+00	1.048225e+00
606	39	9.836447e-01	7.142337e-01	7.743150e-01	8.648103e-01
607	39	1.047798e+00	1.212088e+00	2.439770e+00	1.599063e+00
608	39	7.008460e-01	9.756747e-01	9.931271e-01	1.096862e+00
609	39	7.505962e-01	1.084944e+00	1.402949e+00	1.516737e+00
610	39	1.194367e+00	1.203856e+00	1.252531e+00	4.158574e+00
611	39	6.014481e-01	7.945633e-01	7.933287e-01	7.645750e-01
612	39	1.319402e+00	9.289239e-01	9.262877e-01	1.432090e+00
613	39	1.435830e+00	8.062146e-01	8.527486e-01	2.099287e+00
614	39	9.207868e-01	1.037132e+00	1.038100e+00	8.345668e-01
615	39	1.044663e+00	8.567545e-01	9.486454e-01	1.657297e+00
616	39	1.149955e+00	5.552699e-01	6.610091e-01	8.897687e-01
617	39	8.920547e-01	9.624120e-01	9.933814e-01	1.031490e+00
618	39	7.488605e-01	1.161925e+00	1.162316e+00	7.104457e-01
619	39	8.161312e-01	8.047183e-01	8.215300e-01	6.839761e-01
620	39	1.033309e+00	1.079687e+00	1.301944e+00	9.573593e-01
621	39	9.835503e-01	9.453320e-01	1.222034e+00	2.804052e+00
622	39	9.873249e-01	1.544917e+00	1.738377e+00	1.425912e+00
623	39	8.788963e-01	6.910849e-01	6.932841e-01	1.102471e+00
624	39	6.266462e-01	1.592496e+00	2.107865e+00	1.215387e+00
625	39	8.888676e-01	1.000115e+00	1.337047e+00	2.409718e+00
626	39	1.102456e+00	9.763926e-01	9.994029e-01	1.633511e+00
627	39	8.257809e-01	1.483427e+00	2.752794e+00	2.093592e+00
628	39	6.973630e-01	1.374033e+00	1.466874e+00	2.519515e+00
629	39	5.640097e-01	1.240778e+00	2.260533e+00	2.339249e+00
630	39	1.240325e+00	1.348679e+00	1.625881e+00	1.232287e+00
631	39	1.205920e+00	8.825034e-01	8.912343e-01	1.500379e+00
632	39	9.351535e-01	1.079457e+00	1.589568e+00	3.961297e+00
633	39	1.341673e+00	1.404349e+00	1.690290e+00	9.802171e-01
634	39	9.600997e-01	1.067492e+00	1.745281e+00	1.207499e+00
635	39	1.048151e+00	9.254116e-01	9.757407e-01	8.456320e-01
636	39	1.069212e+00	9.168095e-01	9.190462e-01	3.242791e+00
637	39	1.001664e+00	1.382786e+00	1.472185e+00	1.449219e+00
638	39	8.419895e-01	1.125062e+00	1.816382e+00	1.202181e+00
639	39	9.395843e-01	1.082725e+00	1.280334e+00	1.334328e+00
640	39	1.524629e+00	1.265029e+00	1.934334e+00	1.289285e+00
641	39	1.248671e+00	9.149289e-01	9.280817e-01	1.731271e+00
642	39	1.176743e+00	9.073299e-01	9.155075e-01	6.044900e-01
643	39	9.186502e-01	1.963398e+00	3.643139e+00	7.364715e-01
644	39	1.346435e+00	9.985943e-01	1.020991e+00	2.521341e+00
645	39	1.357603e+00	1.273485e+00	1.478700e+00	1.225568e+00
646	39	8.484229e-01	1.494773e+00	1.520152e+00	5.687288e-01
647	39	1.048824e+00	1.230171e+00	1.288366e+00	1.079838e+00
648	39	5.045574e-01	7.898984e-01	1.198465e+00	3.376495e+00
649	39	9.915374e-01	9.715323e-01	9.837952e-01	9.929742e-01
650	39	8.683806e-01	1.205062e+00	2.976157e+00	7.646124e-01
651	39	1.272847e+00	8.854067e-01	1.288933e+00	1.815925e+00
652	39	7.531562e-01	1.118170e+00	1.819557e+00	1.391622e+00
653	39	1.282857e+00	8.933355e-01	8.932862e-01	1.384840e+00
654	39	9.359689e-01	1.056047e+00	1.144614e+00	1.240758e+00
655	39	9.547638e-01	1.235066e+00	1.946046e+00	1.379189e+00
656	39	8.947458e-01	9.914754e-01	1.784293e+00	1.255427e+00
657	39	1.135705e+00	1.480681e+00	1.625451e+00	1.767030e+00
658	39	8.526053e-01	1.246062e+00	2.195483e+00	2.049159e+00
659	39	1.061826e+00	1.074414e+00	1.190432e+00	1.705212e+00
660	39	8.351663e-01	6.220210e-01	7.392254e-01	1.672471e+00
661	39	1.221185e+00	1.518018e+00	1.827301e+00	1.227001e+00
662	39	1.166432e+00	1.208517e+00	1.256364e+00	1.116090e+00
663	39	1.254012e+00	1.146155e+00	1.049511e+00	1.150526e+00
664	39	1.390535e+00	1.209703e+00	1.612714e+00	1.530782e+00
665	39	8.904487e-01	1.075182e+00	1.122875e+00	9.776383e-01
666	39	1.173912e+00	1.103187e+00	1.601363e+00	1.265068e+00
667	39	1.112435e+00	1.090610e+00	1.683892e+00	1.001152e+00
668	39	1.542277e+00	1.302310e+00	1.300494e+00	1.232505e+00
669	39	1.373156e+00	9.840939e-01	9.984207e-01	2.844188e+00
670	39	8.665787e-01	9.585960e-01	1.945034e+00	9.325959e-01
671	39	8.664276e-01	1.844959e+00	2.671131e+00	7.976088e-01
672	39	1.124154e+00	9.890794e-01	1.000893e+00	1.235595e+00
673	39	8.637008e-01	1.225276e+00	1.431091e+00	1.643764e+00
674	39	1.060717e+00	1.220993e+00	1.241988e+00	6.554655e-01
675	39	1.153769e+00	1.187096e+00	2.343927e+00	1.969669e+00
676	39	9.903351e-01	7.084029e-01	6.999259e-01	9.167698e-01
677	39	1.179067e+00	7.281329e-01	8.482426e-01	1.062524e+00
678	39	1.041885e+00	6.798010e-01	6.958125e-01	1.501602e+00
679	39	1.066947e+00	1.034642e+00	2.252015e+00	1.056841e+00
680	39	1.075127e+00	8.455353e-01	8.527358e-01	1.082106e+00
681	39	1.206756e+00	1.471987e+00	3.297958e+00	8.595367e-01
682	39	8.576828e-01	1.186975e+00	1.311443e+00	1.107118e+00
683	39	9.650759e-01	8.429218e-01	1.143957e+00	1.240363e+00
684	39	7.981689e-01	7.783740e-01	8.036991e-01	1.633905e+00
685	39	1.015023e+00	1.079800e+00	1.082754e+00	9.217316e-01
686	39	6.096883e-01	1.050756e+00	1.694957e+00	1.010886e+00
687	39	1.401866e+00	1.261877e+00	1.328149e+00	9.537861e-01
688	39	8.353368e-01	1.455000e+00	2.259058e+00	6.793375e-01
689	39	1.241230e+00	1.051355e+00	1.065023e+00	1.414519e+00
690	39	8.519341e-01	1.556788e+00	3.189386e+00	1.657391e+00
691	39	9.099673e-01	9.428185e-01	1.133053e+00	1.438193e+00
692	39	1.328433e+00	1.737809e+00	3.426275e+00	1.000766e+00
693	39	9.071819e-01	8.774043e-01	1.007105e+00	1.464011e+00
694	39	9.453422e-01	8.369443e-01	8.620007e-01	1.710302e+00
695	39	9.380168e-01	1.231293e+00	1.239812e+00	1.042162e+00
696	39	7.503660e-01	1.350941e+00	1.919227e+00	1.469155e+00
697	39	8.815503e-01	1.090113e+00	1.091547e+00	9.124858e-01
698	39	9.148066e-01	1.469725e+00	1.482622e+00	1.163307e+00
699	39	1.256908e+00	1.957028e+00	3.550736e+00	7.354392e-01
700	39	8.507719e-01	1.398983e+00	2.388621e+00	1.524722e+00
701	39	1.358389e+00	8.130698e-01	1.045470e+00	1.617022e+00
702	39	8.021782e-01	1.341754e+00	1.587717e+00	4.210195e+00
703	39	8.795312e-01	6.950324e-01	9.081484e-01	6.902387e-01
704	39	1.353456e+00	8.689490e-01	8.625813e-01	1.179555e+00
705	39	1.048256e+00	9.995116e-01	1.671380e+00	1.347110e+00
706	39	7.026350e-01	1.425591e+00	2.662433e+00	1.000801e+00
707	39	1.300315e+00	1.441298e+00	2.256481e+00	1.112878e+00
708	39	7.629820e-01	1.181670e+00	1.354283e+00	1.863784e+00
709	39	9.452772e-01	1.262892e+00	1.511109e+00	1.801405e+00
710	39	1.084831e+00	1.093850e+00	1.089673e+00	1.123852e+00
711	39	1.045618e+00	1.268691e+00	1.427510e+00	3.050141e+00
712	39	1.072297e+00	9.763147e-01	1.005755e+00	2.751631e+00
713	39	1.264146e+00	1.267122e+00	1.856905e+00	1.017943e+00
714	39	4.781355e-01	1.013645e+00	1.090280e+00	3.396676e+00
715	39	9.368788e-01	1.222699e+00	2.170137e+00	1.163051e+00
716	39	1.340607e+00	7.232454e-01	7.075157e-01	1.797057e+00
717	39	5.922764e-01	1.194603e+00	1.315778e+00	9.822961e-01
718	39	9.072362e-01	1.271588e+00	3.572381e+00	1.769334e+00
719	39	1.174945e+00	1.401147e+00	2.559335e+00	1.233000e+00
720	39	8.194363e-01	1.088328e+00	1.259073e+00	1.463533e+00
721	39	1.323947e+00	1.281148e+00	1.281021e+00	5.975428e-01
722	39	1.080912e+00	1.414263e+00	2.018754e+00	1.484152e+00
723	39	1.140967e+00	1.012940e+00	1.919803e+00	3.245214e+00
724	39	9.667231e-01	8.119058e-01	8.407056e-01	9.148333e-01
725	39	1.228959e+00	1.453064e+00	1.559477e+00	1.056108e+00
726	39	7.239346e-01	1.065598e+00	1.369115e+00	1.083954e+00
727	39	1.648120e+00	1.219180e+00	1.330455e+00	1.263892e+00
728	39	1.285245e+00	7.609117e-01	7.634543e-01	1.201684e+00
729	39	8.164629e-01	9.713658e-01	1.263170e+00	1.154745e+00
730	39	1.034292e+00	9.627699e-01	9.416578e-01	1.110477e+00
731	39	9.882252e-01	7.580705e-01	7.760926e-01	2.828693e+00
732	39	1.061251e+00	6.461614e-01	6.684293e-01	9.358189e-01
733	39	1.025231e+00	8.182890e-01	8.857870e-01	9.117889e-01
734	39	1.006183e+00	7.621463e-01	8.638562e-01	3.047984e+00
735	39	8.428605e-01	1.133645e+00	1.672361e+00	4.906014e-01
736	39	7.656139e-01	8.961841e-01	9.256394e-01	1.084824e+00
737	39	1.287989e+00	9.386076e-01	1.913533e+00	1.495505e+00
738	39	1.065265e+00	9.601103e-01	1.110093e+00	1.239846e+00
739	39	1.211638e+00	8.552012e-01	1.566599e+00	1.407620e+00
740	39	1.042980e+00	9.668262e-01	1.215468e+00	1.463317e+00
741	39	7.746325e-01	1.223039e+00	1.807479e+00	1.167686e+00
742	39	1.025861e+00	2.119998e+00	5.648977e+00	2.127694e+00
743	39	1.053727e+00	1.261204e+00	2.097856e+00	1.727601e+00
744	39	1.229319e+00	9.204942e-01	1.134597e+00	7.722340e-01
745	39	8.691196e-01	8.300754e-01	1.239624e+00	1.948103e+00
746	39	9.378534e-01	1.350871e+00	1.792917e+00	1.086419e+00
747	39	1.185552e+00	1.225346e+00	1.573673e+00	1.034187e+00
748	39	1.126905e+00	1.459191e+00	1.485747e+00	1.327111e+00
749	39	1.022238e+00	1.079006e+00	1.078952e+00	9.281323e-01
750	39	1.040084e+00	9.711150e-01	1.379424e+00	8.900635e-01
751	39	1.319564e+00	1.209164e+00	2.281891e+00	1.492209e+00
752	39	1.078368e+00	9.357747e-01	1.035198e+00	7.835777e-01
753	39	8.882465e-01	1.003248e+00	1.058092e+00	7.275986e-01
754	39	7.311771e-01	1.384815e+00	1.908206e+00	1.244064e+00
755	39	1.289603e+00	8.290715e-01	9.914928e-01	1.286028e+00
756	39	7.639062e-01	1.019234e+00	1.033102e+00	1.312542e+00
757	39	8.406979e-01	1.111850e+00	1.134468e+00	1.597553e+00
758	39	1.260132e+00	8.263660e-01	1.079997e+00	1.282827e+00
759	39	9.484649e-01	1.114703e+00	1.277315e+00	1.801332e+00
760	39	1.144025e+00	1.461143e+00	2.977720e+00	1.456777e+00
761	39	1.301600e+00	8.146015e-01	1.412688e+00	1.429943e+00
762	39	1.142776e+00	9.491923e-01	1.001429e+00	1.158902e+00
763	39	8.593992e-01	2.134024e+00	5.147388e+00	2.573100e+00
764	39	7.052512e-01	8.835302e-01	8.961062e-01	4.283611e+00
765	39	9.896293e-01	8.792279e-01	1.111228e+00	1.105405e+00
766	39	6.968119e-01	1.254157e+00	1.726374e+00	9.135373e-01
767	39	1.112997e+00	1.109032e+00	1.428337e+00	1.340284e+00
768	39	6.259342e-01	1.124699e+00	1.905610e+00	1.874906e+00
769	39	8.214449e-01	1.413806e+00	1.574744e+00	1.339762e+00
770	39	8.510206e-01	2.915911e+00	8.346755e+00	1.126286e+00
771	39	7.972245e-01	9.246899e-01	9.237397e-01	1.512624e+00
772	39	6.186376e-01	7.254503e-01	1.110776e+00	1.230631e+00
773	39	8.473108e-01	2.311774e+00	4.478226e+00	1.030231e+00
774	39	1.214174e+00	1.026933e+00	1.057973e+00	1.163903e+00
775	39	6.867195e-01	1.150435e+00	1.178675e+00	1.126138e+00
776	39	9.136093e-01	1.381274e+00	1.815713e+00	1.016054e+00
777	39	1.246100e+00	1.143938e+00	1.429684e+00	6.283254e-01
778	39	8.154300e-01	6.163463e-01	1.155781e+00	1.432032e+00
779	39	8.250697e-01	1.126414e+00	1.220111e+00	2.739762e+00
780	39	1.134732e+00	8.161951e-01	9.169702e-01	8.109335e-01
781	39	1.251027e+00	8.356758e-01	8.241009e-01	1.499550e+00
782	39	8.128550e-01	7.879620e-01	8.019309e-01	9.155187e-01
783	39	7.637742e-01	1.155852e+00	1.839813e+00	7.747570e-01
784	39	1.307694e+00	7.146415e-01	1.261023e+00	1.204537e+00
785	39	8.013305e-01	1.092270e+00	1.403518e+00	1.138004e+00
786	39	7.818661e-01	9.926930e-01	1.954638e+00	1.471021e+00
787	39	1.096586e+00	1.164273e+00	1.166939e+00	1.789914e+00
788	39	9.501745e-01	1.286594e+00	1.340224e+00	1.231353e+00
789	39	1.181092e+00	1.007028e+00	1.233599e+00	2.368943e+00
790	39	1.172102e+00	2.680974e+00	5.622974e+00	2.874670e+00
791	39	8.190899e-01	9.792266e-01	1.373868e+00	2.604765e+00
792	39	9.466807e-01	1.065060e+00	1.690111e+00	1.468527e+00
793	39	5.746210e-01	1.437337e+00	1.724214e+00	1.286857e+00
794	39	1.191985e+00	1.271437e+00	1.627133e+00	6.956352e-01
795	39	7.532895e-01	8.450756e-01	1.188108e+00	1.395219e+00
796	39	9.350197e-01	7.456560e-01	1.175634e+00	1.472157e+00
797	39	9.412568e-01	1.252481e+00	2.014969e+00	1.090430e+00
798	39	1.238479e+00	1.177096e+00	1.460097e+00	1.423754e+00
799	39	1.102888e+00	1.101205e+00	1.377277e+00	1.354464e+00
800	39	6.456341e-01	1.073711e+00	1.137274e+00	1.122486e+00
801	39	1.519208e+00	1.912707e+00	1.925624e+00	1.110453e+00
802	39	7.834037e-01	8.156986e-01	1.005113e+00	1.344249e+00
803	39	1.030893e+00	1.239736e+00	1.772950e+00	8.765652e-01
804	39	8.764498e-01	1.296337e+00	1.889032e+00	1.172234e+00
805	39	1.222390e+00	8.637698e-01	1.149393e+00	1.215134e+00
806	39	9.748081e-01	1.630221e+00	1.996569e+00	1.088455e+00
807	39	1.094800e+00	1.000342e+00	1.027878e+00	1.008373e+00
808	39	1.514574e+00	7.540382e-01	8.573509e-01	1.126221e+00
809	39	8.926978e-01	9.291188e-01	1.043283e+00	1.228935e+00
810	39	8.248446e-01	1.125649e+00	1.127394e+00	1.146815e+00
811	39	8.093601e-01	7.380862e-01	8.748904e-01	1.016030e+00
812	39	1.009704e+00	8.861483e-01	8.898693e-01	1.356982e+00
813	39	4.962673e-01	1.042507e+00	1.259812e+00	9.008377e-01
814	39	1.057947e+00	1.121825e+00	1.152495e+00	2.920682e+00
815	39	1.121202e+00	7.288313e-01	8.507051e-01	1.576568e+00
816	39	8.958441e-01	1.600524e+00	2.051856e+00	1.027731e+00
817	39	1.240245e+00	6.763473e-01	6.775475e-01	1.046973e+00
818	39	1.233990e+00	9.665545e-01	1.137208e+00	7.097722e-01
819	39	1.380131e+00	7.702255e-01	1.215609e+00	1.344021e+00
820	39	2.024360e+00	9.072723e-01	1.560227e+00	1.518026e+00
821	39	1.278992e+00	9.162693e-01	9.463821e-01	9.457179e-01
822	39	1.408833e+00	1.273554e+00	1.823972e+00	1.014599e+00
823	39	6.125391e-01	1.181794e+00	1.362645e+00	3.117902e+00
824	39	1.104953e+00	1.168436e+00	2.370719e+00	1.125882e+00
825	39	5.436418e-01	1.036621e+00	1.083708e+00	1.068086e+00
826	39	1.081223e+00	1.445601e+00	1.409551e+00	1.255538e+00
827	39	9.534639e-01	1.002152e+00	1.178662e+00	1.282214e+00
828	39	8.396371e-01	8.142452e-01	8.933089e-01	1.244185e+00
829	39	1.263377e+00	1.016912e+00	1.544046e+00	1.992594e+00
830	39	1.196785e+00	2.336493e+00	4.766306e+00	1.200478e+00
831	39	1.252319e+00	1.018074e+00	1.054539e+00	1.097553e+00
832	39	1.328332e+00	1.113823e+00	1.155686e+00	9.172782e-01
833	39	1.190887e+00	1.310652e+00	1.559885e+00	2.020908e+00
834	39	9.058521e-01	1.118217e+00	1.593948e+00	1.027555e+00
835	39	1.094876e+00	9.905415e-01	1.083108e+00	2.287009e+00
836	39	8.930499e-01	6.755226e-01	6.755306e-01	2.762148e+00
837	39	1.409629e+00	1.455018e+00	1.478624e+00	1.933683e+00
838	39	1.324140e+00	8.891578e-01	1.030009e+00	1.726420e+00
839	39	1.424612e+00	1.601120e+00	2.993422e+00	1.626774e+00
840	39	1.297939e+00	7.818305e-01	8.840498e-01	1.325027e+00
841	39	9.977497e-01	1.179048e+00	1.473815e+00	1.905390e+00
842	39	1.002529e+00	1.154803e+00	1.755684e+00	1.420772e+00
843	39	1.172119e+00	9.305427e-01	9.441803e-01	1.290617e+00
844	39	1.249080e+00	8.674528e-01	9.461597e-01	2.391003e+00
845	39	8.522491e-01	1.248223e+00	1.285485e+00	9.893300e-01
846	39	1.094088e+00	9.796840e-01	1.232526e+00	1.766115e+00
847	39	1.268671e+00	7.265334e-01	7.279328e-01	9.028703e-01
848	39	9.099679e-01	1.304604e+00	2.709531e+00	2.101621e+00
849	39	8.645298e-01	8.984891e-01	8.917936e-01	1.093032e+00
850	39	9.086080e-01	9.963278e-01	1.717794e+00	1.308981e+00
851	39	1.048239e+00	1.121157e+00	2.479539e+00	1.515556e+00
852	39	1.120800e+00	7.527135e-01	7.565659e-01	8.542029e-01
853	39	1.196666e+00	9.303079e-01	9.675437e-01	7.449211e-01
854	39	9.653106e-01	9.973945e-01	1.006195e+00	6.163786e-01
855	39	9.274444e-01	1.288177e+00	2.244101e+00	1.233635e+00
856	39	1.068747e+00	1.165493e+00	1.447438e+00	8.526855e-01
857	39	9.579941e-01	8.276838e-01	9.265623e-01	1.286457e+00
858	39	9.530787e-01	1.032405e+00	1.498635e+00	1.210557e+00
859	39	7.290602e-01	1.346488e+00	1.511913e+00	1.040178e+00
860	39	7.584839e-01	1.563716e+00	1.965980e+00	1.463116e+00
861	39	8.270028e-01	7.003297e-01	6.931787e-01	1.357922e+00
862	39	8.399681e-01	1.371589e+00	2.602192e+00	1.044294e+00
863	39	1.061255e+00	1.040718e+00	1.051343e+00	7.225597e-01
864	39	1.068196e+00	1.009488e+00	9.902760e-01	2.054487e+00
865	39	1.083176e+00	1.226534e+00	3.230539e+00	3.502419e+00
866	39	1.322473e+00	6.952476e-01	7.016707e-01	8.638148e-01
867	39	6.865484e-01	1.644001e+00	2.635353e+00	1.298501e+00
868	39	8.075855e-01	8.830833e-01	1.168387e+00	1.389110e+00
869	39	8.851389e-01	8.090164e-01	8.047418e-01	4.498811e+00
870	39	7.027505e-01	1.186482e+00	1.446626e+00	1.304982e+00
871	39	9.066606e-01	1.091357e+00	1.088437e+00	8.895467e-01
872	39	1.096734e+00	1.165206e+00	1.178554e+00	6.824646e-01
873	39	5.318320e-01	1.292819e+00	2.122646e+00	1.782017e+00
874	39	7.738795e-01	1.072035e+00	1.768648e+00	2.140483e+00
875	39	1.083667e+00	1.311265e+00	1.646071e+00	1.189599e+00
876	39	1.069274e+00	9.726590e-01	9.813223e-01	1.054686e+00
877	39	8.551701e-01	8.591664e-01	8.650959e-01	1.408139e+00
878	39	1.553026e+00	1.683164e+00	2.634412e+00	2.205343e+00
879	39	1.049043e+00	1.241745e+00	1.946170e+00	6.628282e-01
880	39	1.248175e+00	1.207865e+00	2.306899e+00	1.031189e+00
881	39	1.014540e+00	1.163533e+00	1.227124e+00	1.589133e+00
882	39	7.126161e-01	8.394894e-01	8.442842e-01	1.577745e+00
883	39	1.385794e+00	1.203078e+00	1.400431e+00	1.794244e+00
884	39	7.490681e-01	9.098923e-01	9.685231e-01	8.366913e-01
885	39	5.881652e-01	8.364068e-01	8.966921e-01	1.224173e+00
886	39	1.243059e+00	8.703083e-01	8.707851e-01	1.603879e+00
887	39	8.145352e-01	1.308902e+00	1.481027e+00	1.364123e+00
888	39	1.179078e+00	9.380258e-01	1.237337e+00	1.035168e+00
889	39	9.291310e-01	6.546234e-01	7.952972e-01	1.426587e+00
890	39	1.178307e+00	1.035968e+00	1.295708e+00	1.007700e+00
891	39	9.797267e-01	5.760648e-01	5.710640e-01	9.210558e-01
892	39	1.262234e+00	1.093232e+00	1.796753e+00	2.802505e+00
893	39	8.576468e-01	1.186548e+00	1.372361e+00	9.000824e-01
894	39	8.481549e-01	9.319585e-01	9.646860e-01	1.024928e+00
895	39	8.797885e-01	9.632082e-01	1.697066e+00	5.324219e+00
896	39	1.210468e+00	1.437902e+00	1.907153e+00	9.885701e-01
897	39	1.299384e+00	1.156963e+00	1.273494e+00	1.192970e+00
898	39	1.053480e+00	9.023799e-01	1.073659e+00	8.458797e-01
899	39	9.407979e-01	9.454291e-01	9.454169e-01	1.194122e+00
900	39	1.279911e+00	1.458671e+00	2.074405e+00	1.655204e+00
901	39	1.095901e+00	1.322132e+00	3.118319e+00	2.922266e+00
902	39	9.536880e-01	1.014401e+00	1.218562e+00	8.572670e-01
903	39	1.432225e+00	1.069457e+00	1.068895e+00	2.183000e+00
904	39	8.385496e-01	1.289009e+00	1.330572e+00	1.817557e+00
905	39	9.030883e-01	1.375439e+00	1.548071e+00	1.225030e+00
906	39	1.043182e+00	7.719792e-01	7.733676e-01	1.743937e+00
907	39	9.490090e-01	7.715264e-01	1.159448e+00	2.724879e+00
908	39	9.268613e-01	9.424736e-01	1.545411e+00	1.105767e+00
909	39	8.199791e-01	8.318780e-01	8.863802e-01	1.064006e+00
910	39	1.041065e+00	9.921780e-01	1.322747e+00	2.151066e+00
911	39	1.276505e+00	1.199294e+00	1.369757e+00	1.065582e+00
912	39	1.144901e+00	1.637780e+00	2.750294e+00	6.603183e-01
913	39	8.537819e-01	8.855719e-01	9.345379e-01	1.054321e+00
914	39	9.147802e-01	8.707282e-01	1.359637e+00	1.080452e+00
915	39	7.433352e-01	1.350786e+00	2.160674e+00	1.384417e+00
916	39	1.786530e+00	1.085107e+00	1.064919e+00	1.257533e+00
917	39	1.142848e+00	8.083383e-01	8.875872e-01	1.038114e+00
918	39	1.207645e+00	9.259932e-01	1.385493e+00	5.811236e-01
919	39	1.194565e+00	1.313986e+00	1.972027e+00	4.296846e+00
920	39	9.107963e-01	8.516441e-01	8.869354e-01	9.726690e-01
921	39	6.938999e-01	1.275964e+00	1.354868e+00	1.426879e+00
922	39	9.582103e-01	1.003959e+00	1.288625e+00	2.922963e+00
923	39	1.214154e+00	9.521964e-01	1.082392e+00	1.046072e+00
924	39	8.903722e-01	1.115163e+00	1.601404e+00	8.568446e-01
925	39	9.251329e-01	1.147715e+00	1.307476e+00	9.319355e-01
926	39	1.011013e+00	1.213714e+00	1.281297e+00	9.843028e-01
927	39	9.007724e-01	1.175013e+00	1.699067e+00	1.470691e+00
928	39	8.293033e-01	1.041327e+00	1.528924e+00	1.301114e+00
929	39	1.303030e+00	9.926383e-01	1.093955e+00	9.910873e-01
930	39	1.284410e+00	1.199946e+00	1.260834e+00	1.094645e+00
931	39	1.156108e+00	8.708443e-01	9.975301e-01	7.809031e-01
932	39	6.954120e-01	1.163361e+00	1.668794e+00	9.894068e-01
933	39	1.166847e+00	9.370112e-01	1.964826e+00	1.361901e+00
934	39	9.061476e-01	1.027832e+00	1.187895e+00	9.950041e-01
935	39	6.505211e-01	1.919595e+00	3.448764e+00	1.042038e+00
936	39	1.366626e+00	1.029660e+00	1.029531e+00	1.270535e+00
937	39	7.100471e-01	1.018412e+00	1.183035e+00	1.463882e+00
938	39	7.274275e-01	8.765099e-01	1.096850e+00	4.864109e+00
939	39	9.719325e-01	1.294226e+00	1.367876e+00	1.961656e+00
940	39	1.023213e+00	9.875857e-01	1.138982e+00	1.233429e+00
941	39	1.093058e+00	9.838233e-01	1.153683e+00	1.255078e+00
942	39	1.051871e+00	1.441472e+00	1.553654e+00	1.210073e+00
943	39	1.207809e+00	9.515728e-01	1.244563e+00	1.777527e+00
944	39	6.991570e-01	8.576964e-01	1.216823e+00	2.494999e+00
945	39	1.060044e+00	1.616146e+00	3.856226e+00	1.179403e+00
946	39	1.173037e+00	1.183129e+00	1.439026e+00	1.017626e+00
947	39	7.213566e-01	9.308838e-01	1.789582e+00	9.392208e-01
948	39	1.190008e+00	9.457498e-01	9.804209e-01	1.563849e+00
949	39	1.178242e+00	8.806093e-01	8.862528e-01	2.400329e+00
950	39	1.181947e+00	1.281422e+00	1.255814e+00	1.539135e+00
951	39	1.125649e+00	1.137882e+00	1.497940e+00	1.321522e+00
952	39	1.021934e+00	9.445122e-01	1.102461e+00	1.109741e+00
953	39	6.547157e-01	9.927741e-01	1.087117e+00	1.193463e+00
954	39	1.113303e+00	1.100337e+00	1.222143e+00	7.929410e-01
955	39	7.692658e-01	8.885600e-01	8.808554e-01	1.845355e+00
956	39	1.335001e+00	8.310996e-01	8.379964e-01	1.353018e+00
957	39	8.274403e-01	1.181793e+00	1.210504e+00	1.185550e+00
958	39	1.638034e+00	1.138414e+00	1.640318e+00	1.062272e+00
959	39	1.105382e+00	1.082232e+00	1.228048e+00	7.297156e-01
960	39	8.252389e-01	1.092118e+00	1.438170e+00	1.179530e+00
961	39	8.905197e-01	1.537559e+00	1.590216e+00	2.152800e+00
962	39	9.948939e-01	1.354700e+00	3.179432e+00	1.438102e+00
963	39	9.454552e-01	9.792041e-01	1.010135e+00	2.940243e+00
964	39	7.560750e-01	5.581291e-01	5.611201e-01	1.373138e+00
965	39	7.971559e-01	9.943027e-01	1.038105e+00	1.059148e+00
966	39	1.335524e+00	1.300983e+00	2.049352e+00	2.184777e+00
967	39	9.244226e-01	1.316690e+00	1.705634e+00	1.352970e+00
968	39	1.313726e+00	1.003161e+00	1.289568e+00	9.005576e-01
969	39	9.350943e-01	1.695619e+00	3.540616e+00	1.594598e+00
970	39	6.834891e-01	1.548498e+00	1.924723e+00	2.779160e+00
971	39	1.135501e+00	1.320382e+00	1.332270e+00	7.897282e-01
972	39	8.194526e-01	1.288962e+00	1.924171e+00	2.416870e+00
973	39	1.061518e+00	1.014757e+00	1.617794e+00	1.006541e+00
974	39	8.113107e-01	7.936703e-01	1.071236e+00	9.739534e-01
975	39	1.222763e+00	1.217535e+00	1.243112e+00	1.364983e+00
976	39	7.086451e-01	1.145155e+00	1.283420e+00	7.639003e-01
977	39	1.360144e+00	1.220797e+00	1.426785e+00	1.993505e+00
978	39	9.086987e-01	1.416237e+00	1.735357e+00	2.592678e+00
979	39	1.088505e+00	7.441293e-01	7.233069e-01	2.233477e+00
980	39	8.486370e-01	1.539958e+00	2.290688e+00	1.439640e+00
981	39	8.594112e-01	1.112984e+00	1.142091e+00	2.714534e+00
982	39	9.860734e-01	1.965005e+00	2.474955e+00	9.053166e-01
983	39	1.103104e+00	1.281297e+00	1.302169e+00	1.000229e+00
984	39	1.147390e+00	4.119409e-01	4.126949e-01	1.182235e+00
985	39	8.501737e-01	1.299983e+00	1.466465e+00	8.489420e-01
986	39	9.958457e-01	1.296636e+00	1.661688e+00	1.875527e+00
987	39	1.324296e+00	9.915626e-01	9.823901e-01	1.993412e+00
988	39	1.146369e+00	1.282439e+00	1.481668e+00	1.739074e+00
989	39	8.875055e-01	7.195445e-01	7.954987e-01	8.963311e-01
990	39	7.520633e-01	8.893158e-01	1.404107e+00	8.316590e-01
991	39	8.703327e-01	1.170785e+00	1.302131e+00	8.150658e-01
992	39	8.882133e-01	6.558130e-01	6.736324e-01	7.957258e-01
993	39	8.597483e-01	1.146820e+00	1.136074e+00	1.013450e+00
994	39	8.758637e-01	7.644355e-01	8.224492e-01	1.311984e+00
995	39	8.159346e-01	1.347357e+00	2.902292e+00	1.803566e+00
996	39	6.399128e-01	6.771336e-01	6.705809e-01	2.616103e+00
997	39	1.120220e+00	1.797773e+00	4.385551e+00	1.511095e+00
998	39	7.280577e-01	1.540472e+00	2.999032e+00	1.333171e+00
999	39	1.134060e+00	1.001058e+00	1.026096e+00	6.911405e-01
