1.000000e-02  7.863531e+00  1.794232e-02  7.865648e+00  1.582526e-02  
1.047371e-02  7.644454e+00  1.835745e-02  7.646562e+00  1.624970e-02  
1.096986e-02  7.431288e+00  1.878233e-02  7.433384e+00  1.668642e-02  
1.148951e-02  7.223873e+00  1.921695e-02  7.225957e+00  1.713319e-02  
1.203378e-02  7.022051e+00  1.966186e-02  7.024130e+00  1.758279e-02  
1.260383e-02  6.825698e+00  2.011708e-02  6.827756e+00  1.805859e-02  
1.320088e-02  6.634643e+00  2.058283e-02  6.636691e+00  1.853473e-02  
1.382622e-02  6.448751e+00  2.110554e-02  6.450794e+00  1.906287e-02  
1.448118e-02  6.267899e+00  2.154674e-02  6.269929e+00  1.951658e-02  
1.516717e-02  6.091953e+00  2.204533e-02  6.093964e+00  2.003437e-02  
1.588565e-02  5.920771e+00  2.255503e-02  5.922768e+00  2.055785e-02  
1.663817e-02  5.754233e+00  2.307653e-02  5.756216e+00  2.109386e-02  
1.742633e-02  5.592215e+00  2.365163e-02  5.594184e+00  2.168272e-02  
1.825183e-02  5.434604e+00  2.419191e-02  5.436553e+00  2.224314e-02  
1.911644e-02  5.281276e+00  2.474492e-02  5.283207e+00  2.281385e-02  
2.002200e-02  5.132116e+00  2.531087e-02  5.134031e+00  2.339613e-02  
2.097046e-02  4.987020e+00  2.588965e-02  4.988916e+00  2.399327e-02  
2.196385e-02  4.845878e+00  2.648199e-02  4.847753e+00  2.460642e-02  
2.300430e-02  4.708585e+00  2.708797e-02  4.710439e+00  2.523409e-02  
2.409404e-02  4.575033e+00  2.770782e-02  4.576869e+00  2.587128e-02  
2.523539e-02  4.445138e+00  2.833899e-02  4.446946e+00  2.653151e-02  
2.643081e-02  4.318787e+00  2.898711e-02  4.320572e+00  2.720215e-02  
2.768287e-02  4.195887e+00  2.964949e-02  4.197652e+00  2.788459e-02  
2.899423e-02  4.076357e+00  3.032698e-02  4.078096e+00  2.858808e-02  
3.036771e-02  3.960105e+00  3.101958e-02  3.961812e+00  2.931198e-02  
3.180626e-02  3.847036e+00  3.172752e-02  3.848715e+00  3.004907e-02  
3.331295e-02  3.737071e+00  3.245106e-02  3.738719e+00  3.080326e-02  
3.489101e-02  3.630122e+00  3.319044e-02  3.631741e+00  3.157134e-02  
3.654383e-02  3.526118e+00  3.399920e-02  3.527701e+00  3.241635e-02  
3.827494e-02  3.424972e+00  3.476457e-02  3.426521e+00  3.321601e-02  
4.008806e-02  3.326610e+00  3.554709e-02  3.328124e+00  3.403344e-02  
4.198707e-02  3.230959e+00  3.634698e-02  3.232435e+00  3.487069e-02  
4.397604e-02  3.137946e+00  3.716444e-02  3.139383e+00  3.572695e-02  
4.605922e-02  3.047502e+00  3.799968e-02  3.048897e+00  3.660525e-02  
4.824109e-02  2.959553e+00  3.885251e-02  2.960907e+00  3.749798e-02  
5.052631e-02  2.874043e+00  3.972401e-02  2.875348e+00  3.841856e-02  
5.291979e-02  2.790894e+00  4.061404e-02  2.792154e+00  3.935410e-02  
5.542665e-02  2.710047e+00  4.152281e-02  2.711262e+00  4.030794e-02  
5.805226e-02  2.631444e+00  4.245053e-02  2.632609e+00  4.128619e-02  
6.080224e-02  2.555027e+00  4.339742e-02  2.556136e+00  4.228906e-02  
6.368250e-02  2.480730e+00  4.436312e-02  2.481784e+00  4.330911e-02  
6.669920e-02  2.408499e+00  4.534881e-02  2.409496e+00  4.435211e-02  
6.985880e-02  2.338277e+00  4.641568e-02  2.339217e+00  4.547626e-02  
7.316807e-02  2.270015e+00  4.743366e-02  2.270892e+00  4.655712e-02  
7.663411e-02  2.203657e+00  4.847232e-02  2.204469e+00  4.766051e-02  
8.026434e-02  2.139150e+00  4.953176e-02  2.139896e+00  4.878486e-02  
8.406653e-02  2.076448e+00  5.061156e-02  2.077125e+00  4.993464e-02  
8.804884e-02  2.015498e+00  5.170879e-02  2.016105e+00  5.110212e-02  
9.221979e-02  1.956254e+00  5.283072e-02  1.956790e+00  5.229429e-02  
9.658832e-02  1.898678e+00  5.397379e-02  1.899134e+00  5.351711e-02  
1.011638e-01  1.842718e+00  5.513803e-02  1.843092e+00  5.476374e-02  
1.059560e-01  1.788327e+00  5.632342e-02  1.788620e+00  5.603041e-02  
1.109752e-01  1.735465e+00  5.752994e-02  1.735676e+00  5.731944e-02  
1.162322e-01  1.684101e+00  5.875755e-02  1.684218e+00  5.864109e-02  
1.217383e-01  1.634174e+00  6.007547e-02  1.634206e+00  6.004403e-02  
1.275051e-01  1.585658e+00  6.133668e-02  1.585600e+00  6.139381e-02  
1.335452e-01  1.538525e+00  6.261931e-02  1.538364e+00  6.278034e-02  
1.398713e-01  1.492718e+00  6.392309e-02  1.492459e+00  6.418271e-02  
1.464971e-01  1.448212e+00  6.524848e-02  1.447848e+00  6.561220e-02  
1.534368e-01  1.404970e+00  6.659384e-02  1.404498e+00  6.706538e-02  
1.607053e-01  1.362953e+00  6.796028e-02  1.362374e+00  6.853939e-02  
1.683180e-01  1.322135e+00  6.934599e-02  1.321442e+00  7.003860e-02  
1.762914e-01  1.282476e+00  7.075180e-02  1.281670e+00  7.155800e-02  
1.846425e-01  1.243950e+00  7.217596e-02  1.243025e+00  7.310080e-02  
1.933892e-01  1.206528e+00  7.370030e-02  1.205479e+00  7.475026e-02  
2.025502e-01  1.170177e+00  7.515143e-02  1.168999e+00  7.632981e-02  
2.121452e-01  1.134865e+00  7.661970e-02  1.133558e+00  7.792717e-02  
2.221947e-01  1.100569e+00  7.810479e-02  1.099126e+00  7.954749e-02  
2.327202e-01  1.067257e+00  7.959240e-02  1.065677e+00  8.117252e-02  
2.437444e-01  1.034899e+00  8.111702e-02  1.033182e+00  8.283331e-02  
2.552908e-01  1.003474e+00  8.264634e-02  1.001617e+00  8.450284e-02  
2.673842e-01  9.729596e-01  8.418822e-02  9.709552e-01  8.619257e-02  
2.800504e-01  9.433310e-01  8.570690e-02  9.411721e-01  8.786585e-02  
2.933166e-01  9.145534e-01  8.730555e-02  9.122435e-01  8.961545e-02  
3.072113e-01  8.866133e-01  8.895954e-02  8.841459e-01  9.142687e-02  
3.217642e-01  8.594858e-01  9.052857e-02  8.568565e-01  9.315793e-02  
3.370064e-01  8.331523e-01  9.203766e-02  8.303529e-01  9.483703e-02  
3.529707e-01  8.075798e-01  9.360720e-02  8.046135e-01  9.657351e-02  
3.696913e-01  7.827552e-01  9.525939e-02  7.796172e-01  9.839740e-02  
3.872039e-01  7.586588e-01  9.683898e-02  7.553434e-01  1.001543e-01  
4.055461e-01  7.352634e-01  9.832127e-02  7.317723e-01  1.018124e-01  
4.247572e-01  7.125588e-01  9.998502e-02  7.088843e-01  1.036595e-01  
4.448783e-01  6.905055e-01  1.016407e-01  6.866605e-01  1.054856e-01  
4.659526e-01  6.691159e-01  1.031817e-01  6.650825e-01  1.072151e-01  
4.880252e-01  6.483588e-01  1.045866e-01  6.441324e-01  1.088129e-01  
5.111433e-01  6.282163e-01  1.062136e-01  6.237928e-01  1.106370e-01  
5.353567e-01  6.086708e-01  1.077047e-01  6.040467e-01  1.123288e-01  
5.607170e-01  5.897031e-01  1.091728e-01  5.848776e-01  1.139982e-01  
5.872787e-01  5.713010e-01  1.106142e-01  5.662694e-01  1.156459e-01  
6.150986e-01  5.534430e-01  1.120253e-01  5.482064e-01  1.172619e-01  
6.442364e-01  5.361229e-01  1.134981e-01  5.306736e-01  1.189474e-01  
6.747544e-01  5.193208e-01  1.146962e-01  5.136560e-01  1.203610e-01  
7.067181e-01  5.030203e-01  1.161115e-01  4.971393e-01  1.219925e-01  
7.401960e-01  4.872061e-01  1.173516e-01  4.811095e-01  1.234482e-01  
7.752597e-01  4.718673e-01  1.185415e-01  4.655529e-01  1.248558e-01  
8.119845e-01  4.569927e-01  1.196765e-01  4.504563e-01  1.262129e-01  
8.504489e-01  4.425680e-01  1.207523e-01  4.358068e-01  1.275135e-01  
8.907355e-01  4.285782e-01  1.218628e-01  4.215918e-01  1.288493e-01  
9.329304e-01  4.150117e-01  1.227724e-01  4.077990e-01  1.299850e-01  
9.771242e-01  4.018579e-01  1.236265e-01  3.944167e-01  1.310677e-01  
1.023411e+00  3.891048e-01  1.244043e-01  3.814333e-01  1.320758e-01  
1.071891e+00  3.767444e-01  1.250998e-01  3.688375e-01  1.330067e-01  
1.122668e+00  3.647566e-01  1.257071e-01  3.566183e-01  1.338453e-01  
1.175850e+00  3.531332e-01  1.263307e-01  3.447652e-01  1.346988e-01  
1.231551e+00  3.418655e-01  1.267395e-01  3.332677e-01  1.353373e-01  
1.289890e+00  3.309455e-01  1.270496e-01  3.221159e-01  1.358791e-01  
1.350994e+00  3.203629e-01  1.272554e-01  3.112999e-01  1.363183e-01  
1.414991e+00  3.101048e-01  1.273555e-01  3.008102e-01  1.366501e-01  
1.482021e+00  3.001609e-01  1.273453e-01  2.906374e-01  1.368688e-01  
1.552225e+00  2.905241e-01  1.274196e-01  2.807727e-01  1.371709e-01  
1.625756e+00  2.811868e-01  1.270681e-01  2.712073e-01  1.370476e-01  
1.702769e+00  2.721393e-01  1.266982e-01  2.619325e-01  1.369049e-01  
1.783431e+00  2.633713e-01  1.263356e-01  2.529401e-01  1.367668e-01  
1.867914e+00  2.548752e-01  1.255987e-01  2.442221e-01  1.362518e-01  
1.956398e+00  2.466439e-01  1.250046e-01  2.357706e-01  1.358779e-01  
2.049075e+00  2.386722e-01  1.242502e-01  2.275780e-01  1.353445e-01  
2.146141e+00  2.309458e-01  1.231217e-01  2.196368e-01  1.344307e-01  
2.247806e+00  2.234600e-01  1.220127e-01  2.119398e-01  1.335329e-01  
2.354286e+00  2.162062e-01  1.207843e-01  2.044801e-01  1.325105e-01  
2.465811e+00  2.091786e-01  1.194682e-01  1.972507e-01  1.313962e-01  
2.582619e+00  2.023720e-01  1.180988e-01  1.902451e-01  1.302256e-01  
2.704960e+00  1.957794e-01  1.165202e-01  1.834568e-01  1.288428e-01  
2.833096e+00  1.893921e-01  1.148347e-01  1.768795e-01  1.273473e-01  
2.967302e+00  1.832030e-01  1.130465e-01  1.705071e-01  1.257425e-01  
3.107866e+00  1.772075e-01  1.111520e-01  1.643337e-01  1.240258e-01  
3.255089e+00  1.714005e-01  1.092646e-01  1.583535e-01  1.223116e-01  
3.409285e+00  1.657756e-01  1.071875e-01  1.525610e-01  1.204022e-01  
3.570786e+00  1.603258e-01  1.050299e-01  1.469505e-01  1.184051e-01  
3.739937e+00  1.550460e-01  1.027979e-01  1.415170e-01  1.163269e-01  
3.917101e+00  1.499347e-01  1.004803e-01  1.362551e-01  1.141599e-01  
4.102658e+00  1.449792e-01  9.817305e-02  1.311599e-01  1.119923e-01  
4.297005e+00  1.401790e-01  9.574487e-02  1.262265e-01  1.096974e-01  
4.500558e+00  1.355282e-01  9.316932e-02  1.214502e-01  1.072473e-01  
4.713753e+00  1.310210e-01  9.066058e-02  1.168264e-01  1.048552e-01  
4.937048e+00  1.266536e-01  8.820892e-02  1.123506e-01  1.025119e-01  
5.170920e+00  1.224226e-01  8.569085e-02  1.080184e-01  1.000950e-01  
5.415871e+00  1.183236e-01  8.309676e-02  1.038256e-01  9.759482e-02  
5.672426e+00  1.143510e-01  8.049315e-02  9.976809e-02  9.507606e-02  
5.941134e+00  1.105000e-01  7.787520e-02  9.584190e-02  9.253325e-02  
6.222571e+00  1.067675e-01  7.529927e-02  9.204314e-02  9.002367e-02  
6.517340e+00  1.031507e-01  7.269994e-02  8.836802e-02  8.748263e-02  
6.826072e+00  9.964531e-02  7.011636e-02  8.481288e-02  8.494879e-02  
7.149429e+00  9.624948e-02  6.755422e-02  8.137415e-02  8.242954e-02  
7.488104e+00  9.295510e-02  6.502640e-02  7.804836e-02  7.993314e-02  
7.842822e+00  8.976064e-02  6.252181e-02  7.483215e-02  7.745030e-02  
8.214344e+00  8.666372e-02  6.004072e-02  7.172225e-02  7.498219e-02  
8.603464e+00  8.366165e-02  5.767142e-02  6.871547e-02  7.261759e-02  
9.011018e+00  8.075064e-02  5.519566e-02  6.580872e-02  7.013759e-02  
9.437878e+00  7.792708e-02  5.285696e-02  6.299900e-02  6.778505e-02  
9.884959e+00  7.518868e-02  5.056812e-02  6.028339e-02  6.547341e-02  
1.035322e+01  7.253359e-02  4.833164e-02  5.765906e-02  6.320617e-02  
1.084366e+01  6.995936e-02  4.611225e-02  5.512325e-02  6.094837e-02  
1.135733e+01  6.746249e-02  4.400119e-02  5.267328e-02  5.879040e-02  
1.189534e+01  6.504003e-02  4.192815e-02  5.030656e-02  5.666163e-02  
1.245883e+01  6.269030e-02  3.986170e-02  4.802055e-02  5.453145e-02  
1.304902e+01  6.041175e-02  3.792526e-02  4.581281e-02  5.252420e-02  
1.366716e+01  5.820321e-02  3.599894e-02  4.368095e-02  5.052120e-02  
1.431459e+01  5.606021e-02  3.423121e-02  4.162265e-02  4.866878e-02  
1.499268e+01  5.398136e-02  3.239701e-02  3.963566e-02  4.674272e-02  
1.570290e+01  5.196463e-02  3.069748e-02  3.771780e-02  4.494432e-02  
1.644676e+01  5.000882e-02  2.906673e-02  3.586694e-02  4.320862e-02  
1.722586e+01  4.811267e-02  2.739963e-02  3.408102e-02  4.143128e-02  
1.804186e+01  4.627410e-02  2.589513e-02  3.235804e-02  3.981118e-02  
1.889652e+01  4.449092e-02  2.444589e-02  3.069606e-02  3.824075e-02  
1.979167e+01  4.276185e-02  2.294624e-02  2.909318e-02  3.661491e-02  
2.072922e+01  4.108604e-02  2.164453e-02  2.754758e-02  3.518299e-02  
2.171118e+01  3.946238e-02  2.034322e-02  2.605746e-02  3.374814e-02  
2.273966e+01  3.788905e-02  1.901087e-02  2.462110e-02  3.227881e-02  
2.381686e+01  3.636415e-02  1.784602e-02  2.323683e-02  3.097334e-02  
2.494508e+01  3.488818e-02  1.672773e-02  2.190300e-02  2.971291e-02  
2.612675e+01  3.345732e-02  1.555718e-02  2.061803e-02  2.839646e-02  
2.736440e+01  3.207211e-02  1.452874e-02  1.938040e-02  2.722045e-02  
2.866068e+01  3.073169e-02  1.355205e-02  1.818860e-02  2.609515e-02  
3.001836e+01  2.943453e-02  1.253256e-02  1.704118e-02  2.492592e-02  
3.144035e+01  2.817915e-02  1.164380e-02  1.593674e-02  2.388620e-02  
3.292971e+01  2.696490e-02  1.079079e-02  1.487392e-02  2.288178e-02  
3.448962e+01  2.579129e-02  9.911228e-03  1.385138e-02  2.185114e-02  
3.612343e+01  2.465735e-02  9.133945e-03  1.286783e-02  2.092346e-02  
3.783463e+01  2.356169e-02  8.364351e-03  1.192204e-02  2.000399e-02  
3.962689e+01  2.250322e-02  7.654388e-03  1.101279e-02  1.914482e-02  
4.150405e+01  2.148150e-02  6.974421e-03  1.013890e-02  1.831702e-02  
4.347013e+01  2.049865e-02  6.325777e-03  9.299226e-03  1.752520e-02  
4.552935e+01  1.954819e-02  5.701061e-03  8.492664e-03  1.675659e-02  
4.768612e+01  1.863216e-02  5.140062e-03  7.718137e-03  1.605409e-02  
4.994505e+01  1.774956e-02  4.580685e-03  6.974602e-03  1.535565e-02  
5.231099e+01  1.689941e-02  4.021059e-03  6.261046e-03  1.465942e-02  
5.478901e+01  1.608108e-02  3.561249e-03  5.576486e-03  1.406585e-02  
5.738442e+01  1.529409e-02  3.049070e-03  4.919970e-03  1.342319e-02  
6.010277e+01  1.453775e-02  2.660526e-03  4.290572e-03  1.290771e-02  
6.294989e+01  1.381105e-02  2.183643e-03  3.687396e-03  1.230729e-02  
6.593188e+01  1.311296e-02  1.729957e-03  3.109571e-03  1.173334e-02  
6.905514e+01  1.244293e-02  1.393786e-03  2.556252e-03  1.128047e-02  
7.232634e+01  1.180053e-02  9.720434e-04  2.026622e-03  1.074595e-02  
7.575250e+01  1.118500e-02  6.713577e-04  1.519885e-03  1.033648e-02  
7.934097e+01  1.059535e-02  2.814776e-04  1.035272e-03  9.841551e-03  
8.309942e+01  1.003069e-02  -8.698987e-06  5.720356e-04  9.449958e-03  
8.703591e+01  9.490498e-03  -3.655112e-04  1.294511e-04  8.995536e-03  
9.115888e+01  8.974243e-03  -6.518678e-04  -2.931837e-04  8.615559e-03  
9.547716e+01  8.481198e-03  -9.725396e-04  -6.965501e-04  8.205209e-03  
1.000000e+02  8.010516e-03  -1.266772e-03  -1.081308e-03  7.825053e-03  
