1.000000e-04	6.887810e+00	6.884196e+00	
1.009262e-04	6.848415e+00	6.844801e+00	
1.018610e-04	6.809238e+00	6.805623e+00	
1.028045e-04	6.770276e+00	6.766660e+00	
1.037567e-04	6.731529e+00	6.727912e+00	
1.047177e-04	6.692995e+00	6.689377e+00	
1.056876e-04	6.654673e+00	6.651055e+00	
1.066665e-04	6.616562e+00	6.612943e+00	
1.076545e-04	6.578661e+00	6.575041e+00	
1.086516e-04	6.540969e+00	6.537348e+00	
1.096579e-04	6.503484e+00	6.499863e+00	
1.106736e-04	6.466206e+00	6.462584e+00	
1.116987e-04	6.429134e+00	6.425511e+00	
1.127333e-04	6.392266e+00	6.388641e+00	
1.137774e-04	6.355601e+00	6.351976e+00	
1.148312e-04	6.319138e+00	6.315512e+00	
1.158948e-04	6.282878e+00	6.279249e+00	
1.169683e-04	6.246816e+00	6.243186e+00	
1.180517e-04	6.210954e+00	6.207322e+00	
1.191451e-04	6.175289e+00	6.171656e+00	
1.202486e-04	6.139821e+00	6.136187e+00	
1.213624e-04	6.104549e+00	6.100914e+00	
1.224865e-04	6.069472e+00	6.065835e+00	
1.236210e-04	6.034589e+00	6.030949e+00	
1.247660e-04	5.999898e+00	5.996257e+00	
1.259216e-04	5.965398e+00	5.961756e+00	
1.270879e-04	5.931090e+00	5.927445e+00	
1.282650e-04	5.896970e+00	5.893324e+00	
1.294530e-04	5.863040e+00	5.859391e+00	
1.306520e-04	5.829297e+00	5.825646e+00	
1.318621e-04	5.795740e+00	5.792087e+00	
1.330835e-04	5.762369e+00	5.758714e+00	
1.343161e-04	5.729182e+00	5.725525e+00	
1.355602e-04	5.696179e+00	5.692520e+00	
1.368158e-04	5.663359e+00	5.659697e+00	
1.380830e-04	5.630720e+00	5.627056e+00	
1.393619e-04	5.598261e+00	5.594595e+00	
1.406527e-04	5.565982e+00	5.562314e+00	
1.419555e-04	5.533882e+00	5.530211e+00	
1.432703e-04	5.501960e+00	5.498286e+00	
1.445973e-04	5.470214e+00	5.466538e+00	
1.459366e-04	5.438644e+00	5.434965e+00	
1.472883e-04	5.407249e+00	5.403567e+00	
1.486525e-04	5.376028e+00	5.372343e+00	
1.500293e-04	5.344980e+00	5.341292e+00	
1.514189e-04	5.314103e+00	5.310413e+00	
1.528214e-04	5.283398e+00	5.279705e+00	
1.542369e-04	5.252863e+00	5.249167e+00	
1.556654e-04	5.222498e+00	5.218798e+00	
1.571072e-04	5.192301e+00	5.188598e+00	
1.585624e-04	5.162271e+00	5.158565e+00	
1.600310e-04	5.132407e+00	5.128699e+00	
1.615133e-04	5.102710e+00	5.098998e+00	
1.630092e-04	5.073177e+00	5.069462e+00	
1.645191e-04	5.043808e+00	5.040089e+00	
1.660429e-04	5.014602e+00	5.010880e+00	
1.675808e-04	4.985559e+00	4.981833e+00	
1.691330e-04	4.956676e+00	4.952946e+00	
1.706995e-04	4.927954e+00	4.924221e+00	
1.722805e-04	4.899391e+00	4.895654e+00	
1.738762e-04	4.870987e+00	4.867247e+00	
1.754867e-04	4.842741e+00	4.838997e+00	
1.771121e-04	4.814651e+00	4.810904e+00	
1.787526e-04	4.786719e+00	4.782967e+00	
1.804082e-04	4.758940e+00	4.755185e+00	
1.820792e-04	4.731317e+00	4.727557e+00	
1.837656e-04	4.703847e+00	4.700083e+00	
1.854677e-04	4.676530e+00	4.672762e+00	
1.871855e-04	4.649364e+00	4.645593e+00	
1.889193e-04	4.622350e+00	4.618575e+00	
1.906691e-04	4.595487e+00	4.591707e+00	
1.924351e-04	4.568772e+00	4.564988e+00	
1.942175e-04	4.542208e+00	4.538419e+00	
1.960163e-04	4.515789e+00	4.511997e+00	
1.978319e-04	4.489520e+00	4.485722e+00	
1.996642e-04	4.463394e+00	4.459593e+00	
2.015136e-04	4.437416e+00	4.433610e+00	
2.033800e-04	4.411581e+00	4.407771e+00	
2.052638e-04	4.385891e+00	4.382076e+00	
2.071650e-04	4.360345e+00	4.356525e+00	
2.090838e-04	4.334940e+00	4.331115e+00	
2.110203e-04	4.309677e+00	4.305848e+00	
2.129749e-04	4.284555e+00	4.280721e+00	
2.149475e-04	4.259573e+00	4.255734e+00	
2.169384e-04	4.234730e+00	4.230886e+00	
2.189477e-04	4.210026e+00	4.206177e+00	
2.209756e-04	4.185460e+00	4.181606e+00	
2.230223e-04	4.161031e+00	4.157172e+00	
2.250880e-04	4.136738e+00	4.132874e+00	
2.271728e-04	4.112581e+00	4.108712e+00	
2.292769e-04	4.088559e+00	4.084684e+00	
2.314005e-04	4.064670e+00	4.060791e+00	
2.335438e-04	4.040916e+00	4.037031e+00	
2.357069e-04	4.017294e+00	4.013404e+00	
2.378901e-04	3.993804e+00	3.989908e+00	
2.400935e-04	3.970445e+00	3.966544e+00	
2.423173e-04	3.947217e+00	3.943311e+00	
2.445617e-04	3.924119e+00	3.920207e+00	
2.468268e-04	3.901150e+00	3.897232e+00	
2.491130e-04	3.878309e+00	3.874386e+00	
2.514203e-04	3.855596e+00	3.851667e+00	
2.537490e-04	3.833011e+00	3.829075e+00	
2.560993e-04	3.810551e+00	3.806610e+00	
2.584714e-04	3.788218e+00	3.784271e+00	
2.608654e-04	3.766009e+00	3.762056e+00	
2.632815e-04	3.743924e+00	3.739966e+00	
2.657201e-04	3.721964e+00	3.717999e+00	
2.681813e-04	3.700126e+00	3.696155e+00	
2.706652e-04	3.678411e+00	3.674434e+00	
2.731722e-04	3.656817e+00	3.652834e+00	
2.757023e-04	3.635344e+00	3.631355e+00	
2.782559e-04	3.613992e+00	3.609996e+00	
2.808332e-04	3.592759e+00	3.588757e+00	
2.834343e-04	3.571646e+00	3.567637e+00	
2.860596e-04	3.550651e+00	3.546636e+00	
2.887091e-04	3.529773e+00	3.525752e+00	
2.913832e-04	3.509013e+00	3.504985e+00	
2.940820e-04	3.488369e+00	3.484335e+00	
2.968059e-04	3.467841e+00	3.463800e+00	
2.995549e-04	3.447428e+00	3.443381e+00	
3.023295e-04	3.427130e+00	3.423076e+00	
3.051297e-04	3.406946e+00	3.402885e+00	
3.079559e-04	3.386876e+00	3.382807e+00	
3.108082e-04	3.366918e+00	3.362842e+00	
3.136870e-04	3.347072e+00	3.342990e+00	
3.165924e-04	3.327337e+00	3.323248e+00	
3.195248e-04	3.307714e+00	3.303618e+00	
3.224842e-04	3.288201e+00	3.284098e+00	
3.254712e-04	3.268798e+00	3.264687e+00	
3.284857e-04	3.249503e+00	3.245386e+00	
3.315282e-04	3.230318e+00	3.226193e+00	
3.345989e-04	3.211240e+00	3.207108e+00	
3.376980e-04	3.192270e+00	3.188130e+00	
3.408259e-04	3.173406e+00	3.169259e+00	
3.439826e-04	3.154649e+00	3.150494e+00	
3.471687e-04	3.135997e+00	3.131835e+00	
3.503842e-04	3.117450e+00	3.113281e+00	
3.536296e-04	3.099008e+00	3.094831e+00	
3.569049e-04	3.080670e+00	3.076485e+00	
3.602107e-04	3.062435e+00	3.058242e+00	
3.635470e-04	3.044302e+00	3.040102e+00	
3.669142e-04	3.026272e+00	3.022065e+00	
3.703127e-04	3.008344e+00	3.004128e+00	
3.737426e-04	2.990517e+00	2.986293e+00	
3.772042e-04	2.972790e+00	2.968559e+00	
3.806980e-04	2.955155e+00	2.950924e+00	
3.842241e-04	2.937636e+00	2.933389e+00	
3.877828e-04	2.920208e+00	2.915952e+00	
3.913746e-04	2.902878e+00	2.898614e+00	
3.949995e-04	2.885647e+00	2.881374e+00	
3.986581e-04	2.868511e+00	2.864231e+00	
4.023506e-04	2.851473e+00	2.847185e+00	
4.060772e-04	2.834531e+00	2.830235e+00	
4.098384e-04	2.817686e+00	2.813381e+00	
4.136344e-04	2.800935e+00	2.796621e+00	
4.174655e-04	2.784279e+00	2.779957e+00	
4.213322e-04	2.767717e+00	2.763386e+00	
4.252346e-04	2.751249e+00	2.746910e+00	
4.291732e-04	2.734874e+00	2.730526e+00	
4.331483e-04	2.718591e+00	2.714235e+00	
4.371602e-04	2.702401e+00	2.698036e+00	
4.412093e-04	2.686303e+00	2.681929e+00	
4.452959e-04	2.670295e+00	2.665912e+00	
4.494203e-04	2.654378e+00	2.649987e+00	
4.535829e-04	2.638552e+00	2.634151e+00	
4.577841e-04	2.622814e+00	2.618405e+00	
4.620241e-04	2.607166e+00	2.602748e+00	
4.663035e-04	2.591608e+00	2.587180e+00	
4.706225e-04	2.576137e+00	2.571700e+00	
4.749815e-04	2.560753e+00	2.556307e+00	
4.793808e-04	2.545457e+00	2.541002e+00	
4.838210e-04	2.530248e+00	2.525784e+00	
4.883022e-04	2.515125e+00	2.510651e+00	
4.928250e-04	2.500088e+00	2.495605e+00	
4.973896e-04	2.485136e+00	2.480644e+00	
5.019965e-04	2.470269e+00	2.465767e+00	
5.066461e-04	2.455487e+00	2.450975e+00	
5.113388e-04	2.440788e+00	2.436267e+00	
5.160749e-04	2.426173e+00	2.421642e+00	
5.208549e-04	2.411641e+00	2.407101e+00	
5.256791e-04	2.397187e+00	2.392642e+00	
5.305481e-04	2.382824e+00	2.378265e+00	
5.354621e-04	2.368539e+00	2.363969e+00	
5.404216e-04	2.354334e+00	2.349755e+00	
5.454271e-04	2.340211e+00	2.335621e+00	
5.504790e-04	2.326168e+00	2.321568e+00	
5.555776e-04	2.312204e+00	2.307595e+00	
5.607235e-04	2.298320e+00	2.293701e+00	
5.659170e-04	2.284516e+00	2.279886e+00	
5.711586e-04	2.270789e+00	2.266150e+00	
5.764488e-04	2.257141e+00	2.252491e+00	
5.817880e-04	2.243571e+00	2.238911e+00	
5.871766e-04	2.230078e+00	2.225408e+00	
5.926152e-04	2.216662e+00	2.211981e+00	
5.981041e-04	2.203322e+00	2.198631e+00	
6.036439e-04	2.190059e+00	2.185357e+00	
6.092349e-04	2.176871e+00	2.172159e+00	
6.148778e-04	2.163758e+00	2.159036e+00	
6.205729e-04	2.150721e+00	2.145987e+00	
6.263207e-04	2.137757e+00	2.133013e+00	
6.321218e-04	2.124868e+00	2.120113e+00	
6.379767e-04	2.112052e+00	2.107286e+00	
6.438857e-04	2.099309e+00	2.094533e+00	
6.498495e-04	2.086639e+00	2.081852e+00	
6.558686e-04	2.074042e+00	2.069244e+00	
6.619433e-04	2.061516e+00	2.056707e+00	
6.680744e-04	2.049082e+00	2.044243e+00	
6.742622e-04	2.036680e+00	2.031849e+00	
6.805074e-04	2.024390e+00	2.019526e+00	
6.868104e-04	2.012126e+00	2.007273e+00	
6.931717e-04	1.999955e+00	1.995091e+00	
6.995920e-04	1.987853e+00	1.982978e+00	
7.060718e-04	1.975821e+00	1.970934e+00	
7.126115e-04	1.963857e+00	1.958959e+00	
7.192119e-04	1.951962e+00	1.947052e+00	
7.258734e-04	1.940135e+00	1.935214e+00	
7.325965e-04	1.928376e+00	1.923443e+00	
7.393820e-04	1.916684e+00	1.911740e+00	
7.462303e-04	1.905059e+00	1.900103e+00	
7.531420e-04	1.893501e+00	1.888533e+00	
7.601178e-04	1.882009e+00	1.877030e+00	
7.671581e-04	1.870583e+00	1.865592e+00	
7.742637e-04	1.859223e+00	1.854220e+00	
7.814351e-04	1.847927e+00	1.842913e+00	
7.886729e-04	1.836697e+00	1.831671e+00	
7.959777e-04	1.825531e+00	1.820493e+00	
8.033502e-04	1.814429e+00	1.809379e+00	
8.107910e-04	1.803391e+00	1.798329e+00	
8.183007e-04	1.792417e+00	1.787342e+00	
8.258799e-04	1.781505e+00	1.776419e+00	
8.335294e-04	1.770656e+00	1.765558e+00	
8.412497e-04	1.759859e+00	1.754759e+00	
8.490415e-04	1.749145e+00	1.744022e+00	
8.569055e-04	1.738482e+00	1.733347e+00	
8.648423e-04	1.727881e+00	1.722733e+00	
8.728527e-04	1.717341e+00	1.712181e+00	
8.809372e-04	1.706861e+00	1.701688e+00	
8.890966e-04	1.696442e+00	1.691257e+00	
8.973316e-04	1.686082e+00	1.680885e+00	
9.056428e-04	1.675783e+00	1.670572e+00	
9.140311e-04	1.665542e+00	1.660320e+00	
9.224970e-04	1.655361e+00	1.650126e+00	
9.310413e-04	1.645238e+00	1.639990e+00	
9.396648e-04	1.635174e+00	1.629913e+00	
9.483682e-04	1.625168e+00	1.619894e+00	
9.571522e-04	1.615220e+00	1.609933e+00	
9.660175e-04	1.605329e+00	1.600029e+00	
9.749649e-04	1.595494e+00	1.590182e+00	
9.839952e-04	1.585717e+00	1.580392e+00	
9.931092e-04	1.575997e+00	1.570658e+00	
1.002308e-03	1.566332e+00	1.560980e+00	
1.011591e-03	1.556724e+00	1.551358e+00	
1.020961e-03	1.547170e+00	1.541792e+00	
1.030417e-03	1.537673e+00	1.532281e+00	
1.039961e-03	1.528229e+00	1.522824e+00	
1.049593e-03	1.518841e+00	1.513423e+00	
1.059315e-03	1.509507e+00	1.504075e+00	
1.069126e-03	1.500227e+00	1.494782e+00	
1.079029e-03	1.491001e+00	1.485542e+00	
1.089023e-03	1.481828e+00	1.476355e+00	
1.099110e-03	1.472708e+00	1.467222e+00	
1.109290e-03	1.463641e+00	1.458141e+00	
1.119564e-03	1.454627e+00	1.449113e+00	
1.129934e-03	1.445665e+00	1.440137e+00	
1.140400e-03	1.436754e+00	1.431213e+00	
1.150962e-03	1.427896e+00	1.422341e+00	
1.161623e-03	1.419089e+00	1.413520e+00	
1.172382e-03	1.410333e+00	1.404750e+00	
1.183241e-03	1.401628e+00	1.396031e+00	
1.194200e-03	1.392973e+00	1.387362e+00	
1.205261e-03	1.384371e+00	1.378743e+00	
1.216424e-03	1.375814e+00	1.370175e+00	
1.227691e-03	1.367309e+00	1.361656e+00	
1.239062e-03	1.358854e+00	1.353186e+00	
1.250539e-03	1.350448e+00	1.344766e+00	
1.262121e-03	1.342090e+00	1.336394e+00	
1.273811e-03	1.333782e+00	1.328071e+00	
1.285610e-03	1.325521e+00	1.319796e+00	
1.297517e-03	1.317309e+00	1.311569e+00	
1.309535e-03	1.309144e+00	1.303390e+00	
1.321664e-03	1.301027e+00	1.295259e+00	
1.333906e-03	1.292972e+00	1.287175e+00	
1.346261e-03	1.284934e+00	1.279137e+00	
1.358730e-03	1.276975e+00	1.271147e+00	
1.371315e-03	1.269030e+00	1.263203e+00	
1.384016e-03	1.261147e+00	1.255305e+00	
1.396835e-03	1.253310e+00	1.247452e+00	
1.409773e-03	1.245518e+00	1.239646e+00	
1.422830e-03	1.237772e+00	1.231885e+00	
1.436009e-03	1.230072e+00	1.224169e+00	
1.449310e-03	1.222415e+00	1.216498e+00	
1.462733e-03	1.214804e+00	1.208872e+00	
1.476281e-03	1.207238e+00	1.201290e+00	
1.489955e-03	1.199715e+00	1.193753e+00	
1.503755e-03	1.192237e+00	1.186259e+00	
1.517683e-03	1.184802e+00	1.178809e+00	
1.531740e-03	1.177411e+00	1.171402e+00	
1.545928e-03	1.170063e+00	1.164039e+00	
1.560246e-03	1.162758e+00	1.156719e+00	
1.574698e-03	1.155495e+00	1.149441e+00	
1.589283e-03	1.148276e+00	1.142206e+00	
1.604003e-03	1.141098e+00	1.135013e+00	
1.618860e-03	1.133963e+00	1.127861e+00	
1.633854e-03	1.126869e+00	1.120752e+00	
1.648987e-03	1.119817e+00	1.113685e+00	
1.664260e-03	1.112807e+00	1.106658e+00	
1.679675e-03	1.105837e+00	1.099673e+00	
1.695232e-03	1.098909e+00	1.092728e+00	
1.710934e-03	1.092021e+00	1.085824e+00	
1.726781e-03	1.085173e+00	1.078961e+00	
1.742775e-03	1.078366e+00	1.072138e+00	
1.758917e-03	1.071598e+00	1.065354e+00	
1.775208e-03	1.064871e+00	1.058611e+00	
1.791650e-03	1.058183e+00	1.051906e+00	
1.808245e-03	1.051534e+00	1.045242e+00	
1.824993e-03	1.044924e+00	1.038616e+00	
1.841897e-03	1.038354e+00	1.032029e+00	
1.858957e-03	1.031822e+00	1.025480e+00	
1.876175e-03	1.025328e+00	1.018970e+00	
1.893552e-03	1.018873e+00	1.012499e+00	
1.911091e-03	1.012455e+00	1.006065e+00	
1.928792e-03	1.006076e+00	9.996687e-01	
1.946656e-03	9.997337e-01	9.933102e-01	
1.964687e-03	9.934292e-01	9.869891e-01	
1.982884e-03	9.871621e-01	9.807051e-01	
2.001250e-03	9.809315e-01	9.744580e-01	
2.019786e-03	9.747379e-01	9.682476e-01	
2.038493e-03	9.685808e-01	9.620737e-01	
2.057374e-03	9.624601e-01	9.559362e-01	
2.076430e-03	9.563755e-01	9.498347e-01	
2.095662e-03	9.503269e-01	9.437692e-01	
2.115073e-03	9.443140e-01	9.377394e-01	
2.134663e-03	9.383367e-01	9.317450e-01	
2.154435e-03	9.323947e-01	9.257860e-01	
2.174389e-03	9.264879e-01	9.198621e-01	
2.194529e-03	9.206160e-01	9.139730e-01	
2.214855e-03	9.147788e-01	9.081187e-01	
2.235370e-03	9.089763e-01	9.022989e-01	
2.256074e-03	9.032080e-01	8.965135e-01	
2.276970e-03	8.974741e-01	8.907621e-01	
2.298060e-03	8.917741e-01	8.850447e-01	
2.319345e-03	8.861078e-01	8.793611e-01	
2.340827e-03	8.804752e-01	8.737110e-01	
2.362508e-03	8.748762e-01	8.680943e-01	
2.384390e-03	8.693100e-01	8.625107e-01	
2.406475e-03	8.637770e-01	8.569602e-01	
2.428764e-03	8.582768e-01	8.514424e-01	
2.451260e-03	8.528094e-01	8.459573e-01	
2.473964e-03	8.473746e-01	8.405047e-01	
2.496878e-03	8.419720e-01	8.350843e-01	
2.520005e-03	8.366014e-01	8.296960e-01	
2.543346e-03	8.312629e-01	8.243396e-01	
2.566903e-03	8.259561e-01	8.190149e-01	
2.590678e-03	8.206809e-01	8.137217e-01	
2.614673e-03	8.154371e-01	8.084599e-01	
2.638891e-03	8.102245e-01	8.032293e-01	
2.663333e-03	8.050524e-01	7.980297e-01	
2.688001e-03	7.999028e-01	7.928610e-01	
2.712898e-03	7.947832e-01	7.877229e-01	
2.738025e-03	7.896831e-01	7.826153e-01	
2.763385e-03	7.846240e-01	7.775380e-01	
2.788980e-03	7.795952e-01	7.724909e-01	
2.814812e-03	7.745964e-01	7.674737e-01	
2.840884e-03	7.696275e-01	7.624864e-01	
2.867196e-03	7.646883e-01	7.575287e-01	
2.893753e-03	7.597785e-01	7.526004e-01	
2.920556e-03	7.548979e-01	7.477015e-01	
2.947606e-03	7.500467e-01	7.428317e-01	
2.974908e-03	7.452245e-01	7.379909e-01	
3.002462e-03	7.404311e-01	7.331790e-01	
3.030271e-03	7.356665e-01	7.283956e-01	
3.058338e-03	7.309304e-01	7.236408e-01	
3.086665e-03	7.262226e-01	7.189143e-01	
3.115254e-03	7.215432e-01	7.142159e-01	
3.144108e-03	7.168916e-01	7.095456e-01	
3.173230e-03	7.122683e-01	7.049031e-01	
3.202621e-03	7.076721e-01	7.002883e-01	
3.232284e-03	7.031039e-01	6.957011e-01	
3.262222e-03	6.985630e-01	6.911412e-01	
3.292437e-03	6.940495e-01	6.866086e-01	
3.322933e-03	6.895631e-01	6.821030e-01	
3.353710e-03	6.851035e-01	6.776244e-01	
3.384773e-03	6.806708e-01	6.731725e-01	
3.416123e-03	6.762647e-01	6.687472e-01	
3.447764e-03	6.718852e-01	6.643484e-01	
3.479698e-03	6.675319e-01	6.599760e-01	
3.511928e-03	6.632049e-01	6.556296e-01	
3.544456e-03	6.589041e-01	6.513093e-01	
3.577285e-03	6.546292e-01	6.470149e-01	
3.610419e-03	6.503799e-01	6.427462e-01	
3.643859e-03	6.461562e-01	6.385031e-01	
3.677609e-03	6.419580e-01	6.342854e-01	
3.711672e-03	6.377852e-01	6.300930e-01	
3.746050e-03	6.336376e-01	6.259258e-01	
3.780747e-03	6.295151e-01	6.217835e-01	
3.815765e-03	6.254174e-01	6.176662e-01	
3.851107e-03	6.213445e-01	6.135735e-01	
3.886777e-03	6.172961e-01	6.095054e-01	
3.922777e-03	6.132722e-01	6.054618e-01	
3.959110e-03	6.092728e-01	6.014424e-01	
3.995780e-03	6.052975e-01	5.974473e-01	
4.032790e-03	6.013463e-01	5.934761e-01	
4.070142e-03	5.974190e-01	5.895289e-01	
4.107841e-03	5.935156e-01	5.856054e-01	
4.145888e-03	5.896357e-01	5.817055e-01	
4.184289e-03	5.857793e-01	5.778291e-01	
4.223044e-03	5.819465e-01	5.739761e-01	
4.262159e-03	5.781368e-01	5.701462e-01	
4.301636e-03	5.743503e-01	5.663395e-01	
4.341478e-03	5.705867e-01	5.625557e-01	
4.381690e-03	5.668460e-01	5.587948e-01	
4.422274e-03	5.631281e-01	5.550565e-01	
4.463234e-03	5.594327e-01	5.513408e-01	
4.504573e-03	5.557597e-01	5.476475e-01	
4.546295e-03	5.521093e-01	5.439766e-01	
4.588404e-03	5.484810e-01	5.403278e-01	
4.630903e-03	5.448748e-01	5.367011e-01	
4.673795e-03	5.412906e-01	5.330963e-01	
4.717085e-03	5.377283e-01	5.295134e-01	
4.760775e-03	5.341874e-01	5.259521e-01	
4.804870e-03	5.306683e-01	5.224123e-01	
4.849374e-03	5.271706e-01	5.188940e-01	
4.894290e-03	5.236944e-01	5.153971e-01	
4.939622e-03	5.202394e-01	5.119213e-01	
4.985373e-03	5.168055e-01	5.084665e-01	
5.031549e-03	5.133924e-01	5.050328e-01	
5.078152e-03	5.100003e-01	5.016198e-01	
5.125187e-03	5.066290e-01	4.982276e-01	
5.172657e-03	5.032782e-01	4.948559e-01	
5.220568e-03	4.999480e-01	4.915048e-01	
5.268921e-03	4.966382e-01	4.881739e-01	
5.317723e-03	4.933550e-01	4.848634e-01	
5.366977e-03	4.900865e-01	4.815729e-01	
5.416687e-03	4.868375e-01	4.783025e-01	
5.466857e-03	4.836081e-01	4.750520e-01	
5.517492e-03	4.803908e-01	4.718212e-01	
5.568596e-03	4.772009e-01	4.686101e-01	
5.620174e-03	4.740306e-01	4.654186e-01	
5.672229e-03	4.708798e-01	4.622465e-01	
5.724766e-03	4.677484e-01	4.590938e-01	
5.777790e-03	4.646362e-01	4.559602e-01	
5.831305e-03	4.615430e-01	4.528458e-01	
5.885316e-03	4.584689e-01	4.497504e-01	
5.939827e-03	4.554138e-01	4.466739e-01	
5.994843e-03	4.523775e-01	4.436161e-01	
6.050368e-03	4.493599e-01	4.405771e-01	
6.106408e-03	4.463590e-01	4.375566e-01	
6.162966e-03	4.433805e-01	4.345546e-01	
6.220049e-03	4.404184e-01	4.315709e-01	
6.277660e-03	4.374745e-01	4.286055e-01	
6.335805e-03	4.345491e-01	4.256582e-01	
6.394488e-03	4.316412e-01	4.227290e-01	
6.453715e-03	4.287517e-01	4.198177e-01	
6.513491e-03	4.258800e-01	4.169243e-01	
6.573820e-03	4.230260e-01	4.140486e-01	
6.634708e-03	4.201897e-01	4.111905e-01	
6.696160e-03	4.173710e-01	4.083500e-01	
6.758181e-03	4.145696e-01	4.055269e-01	
6.820777e-03	4.117857e-01	4.027211e-01	
6.883952e-03	4.090190e-01	3.999325e-01	
6.947713e-03	4.062694e-01	3.971611e-01	
7.012064e-03	4.035369e-01	3.944067e-01	
7.077011e-03	4.008214e-01	3.916693e-01	
7.142559e-03	3.981235e-01	3.889487e-01	
7.208715e-03	3.954410e-01	3.862448e-01	
7.275484e-03	3.927758e-01	3.835576e-01	
7.342870e-03	3.901271e-01	3.808869e-01	
7.410882e-03	3.874949e-01	3.782326e-01	
7.479523e-03	3.848792e-01	3.755948e-01	
7.548799e-03	3.822798e-01	3.729732e-01	
7.618718e-03	3.796965e-01	3.703677e-01	
7.689284e-03	3.771293e-01	3.677784e-01	
7.760503e-03	3.745781e-01	3.652050e-01	
7.832383e-03	3.720428e-01	3.626475e-01	
7.904928e-03	3.695234e-01	3.601058e-01	
7.978145e-03	3.670197e-01	3.575798e-01	
8.052040e-03	3.645316e-01	3.550695e-01	
8.126619e-03	3.620591e-01	3.525746e-01	
8.201889e-03	3.596021e-01	3.500952e-01	
8.277857e-03	3.571604e-01	3.476312e-01	
8.354528e-03	3.547340e-01	3.451824e-01	
8.431909e-03	3.523217e-01	3.427488e-01	
8.510007e-03	3.499267e-01	3.403303e-01	
8.588829e-03	3.475456e-01	3.379267e-01	
8.668380e-03	3.451795e-01	3.355381e-01	
8.748668e-03	3.428282e-01	3.331643e-01	
8.829700e-03	3.404916e-01	3.308052e-01	
8.911482e-03	3.381697e-01	3.284608e-01	
8.994022e-03	3.358624e-01	3.261310e-01	
9.077327e-03	3.335696e-01	3.238156e-01	
9.161402e-03	3.312913e-01	3.215147e-01	
9.246257e-03	3.290273e-01	3.192280e-01	
9.331898e-03	3.267775e-01	3.169556e-01	
9.418332e-03	3.245420e-01	3.146973e-01	
9.505566e-03	3.223204e-01	3.124531e-01	
9.593608e-03	3.201128e-01	3.102229e-01	
9.682466e-03	3.179201e-01	3.080066e-01	
9.772147e-03	3.157394e-01	3.058041e-01	
9.862658e-03	3.135735e-01	3.036154e-01	
9.954008e-03	3.114212e-01	3.014403e-01	
1.004620e-02	3.092825e-01	2.992788e-01	
1.013925e-02	3.071572e-01	2.971309e-01	
1.023317e-02	3.050455e-01	2.949963e-01	
1.032795e-02	3.029471e-01	2.928751e-01	
1.042361e-02	3.008620e-01	2.907672e-01	
1.052015e-02	2.987900e-01	2.886724e-01	
1.061759e-02	2.967313e-01	2.865908e-01	
1.071593e-02	2.946907e-01	2.845222e-01	
1.081519e-02	2.926582e-01	2.824666e-01	
1.091536e-02	2.906385e-01	2.804239e-01	
1.101646e-02	2.886261e-01	2.783940e-01	
1.111850e-02	2.866318e-01	2.763768e-01	
1.122148e-02	2.846503e-01	2.743723e-01	
1.132541e-02	2.826813e-01	2.723804e-01	
1.143031e-02	2.807249e-01	2.704010e-01	
1.153618e-02	2.787810e-01	2.684341e-01	
1.164303e-02	2.768493e-01	2.664795e-01	
1.175087e-02	2.749300e-01	2.645372e-01	
1.185971e-02	2.730229e-01	2.626072e-01	
1.196956e-02	2.711281e-01	2.606893e-01	
1.208042e-02	2.692453e-01	2.587835e-01	
1.219231e-02	2.673730e-01	2.568897e-01	
1.230524e-02	2.655157e-01	2.550079e-01	
1.241921e-02	2.636689e-01	2.531379e-01	
1.253424e-02	2.618337e-01	2.512798e-01	
1.265034e-02	2.600105e-01	2.494333e-01	
1.276751e-02	2.581988e-01	2.475986e-01	
1.288576e-02	2.563986e-01	2.457754e-01	
1.300511e-02	2.546101e-01	2.439638e-01	
1.312557e-02	2.528330e-01	2.421637e-01	
1.324714e-02	2.510674e-01	2.403749e-01	
1.336984e-02	2.493131e-01	2.385975e-01	
1.349367e-02	2.475672e-01	2.368313e-01	
1.361865e-02	2.458381e-01	2.350764e-01	
1.374479e-02	2.441174e-01	2.333326e-01	
1.387210e-02	2.424076e-01	2.315998e-01	
1.400058e-02	2.407090e-01	2.298780e-01	
1.413026e-02	2.390213e-01	2.281672e-01	
1.426114e-02	2.373445e-01	2.264673e-01	
1.439323e-02	2.356785e-01	2.247782e-01	
1.452654e-02	2.340232e-01	2.230998e-01	
1.466109e-02	2.323786e-01	2.214321e-01	
1.479688e-02	2.307446e-01	2.197750e-01	
1.493393e-02	2.291213e-01	2.181285e-01	
1.507225e-02	2.275084e-01	2.164924e-01	
1.521186e-02	2.259059e-01	2.148669e-01	
1.535275e-02	2.243138e-01	2.132516e-01	
1.549495e-02	2.227320e-01	2.116467e-01	
1.563847e-02	2.211604e-01	2.100521e-01	
1.578331e-02	2.195990e-01	2.084676e-01	
1.592950e-02	2.180479e-01	2.068933e-01	
1.607704e-02	2.165067e-01	2.053290e-01	
1.622595e-02	2.149756e-01	2.037748e-01	
1.637624e-02	2.134544e-01	2.022305e-01	
1.652792e-02	2.119431e-01	2.006961e-01	
1.668101e-02	2.104416e-01	1.991715e-01	
1.683551e-02	2.089491e-01	1.976568e-01	
1.699144e-02	2.074679e-01	1.961517e-01	
1.714882e-02	2.059956e-01	1.946563e-01	
1.730766e-02	2.045329e-01	1.931705e-01	
1.746796e-02	2.030796e-01	1.916943e-01	
1.762975e-02	2.016359e-01	1.902275e-01	
1.779304e-02	2.001991e-01	1.887702e-01	
1.795785e-02	1.987767e-01	1.873223e-01	
1.812418e-02	1.973611e-01	1.858837e-01	
1.829205e-02	1.959548e-01	1.844543e-01	
1.846147e-02	1.945577e-01	1.830342e-01	
1.863246e-02	1.931697e-01	1.816232e-01	
1.880504e-02	1.917909e-01	1.802214e-01	
1.897922e-02	1.904210e-01	1.788286e-01	
1.915501e-02	1.890601e-01	1.774448e-01	
1.933242e-02	1.877088e-01	1.760699e-01	
1.951148e-02	1.863651e-01	1.747040e-01	
1.969220e-02	1.850309e-01	1.733468e-01	
1.987460e-02	1.837055e-01	1.719985e-01	
2.005868e-02	1.823888e-01	1.706589e-01	
2.024447e-02	1.810807e-01	1.693280e-01	
2.043197e-02	1.797813e-01	1.680057e-01	
2.062122e-02	1.784904e-01	1.666920e-01	
2.081222e-02	1.772080e-01	1.653868e-01	
2.100498e-02	1.759341e-01	1.640902e-01	
2.119953e-02	1.746686e-01	1.628019e-01	
2.139589e-02	1.734150e-01	1.615220e-01	
2.159406e-02	1.721665e-01	1.602505e-01	
2.179407e-02	1.709260e-01	1.589872e-01	
2.199593e-02	1.696937e-01	1.577321e-01	
2.219966e-02	1.684657e-01	1.564853e-01	
2.240528e-02	1.672496e-01	1.552465e-01	
2.261280e-02	1.660416e-01	1.540159e-01	
2.282224e-02	1.648416e-01	1.527933e-01	
2.303363e-02	1.636496e-01	1.515787e-01	
2.324697e-02	1.624655e-01	1.503720e-01	
2.346229e-02	1.612893e-01	1.491732e-01	
2.367960e-02	1.601208e-01	1.479823e-01	
2.389893e-02	1.589602e-01	1.467991e-01	
2.412028e-02	1.578072e-01	1.456237e-01	
2.434369e-02	1.566608e-01	1.444560e-01	
2.456916e-02	1.555244e-01	1.432960e-01	
2.479673e-02	1.543944e-01	1.421436e-01	
2.502640e-02	1.532720e-01	1.409988e-01	
2.525820e-02	1.521571e-01	1.398615e-01	
2.549215e-02	1.510495e-01	1.387316e-01	
2.572826e-02	1.499493e-01	1.376092e-01	
2.596656e-02	1.488536e-01	1.364942e-01	
2.620707e-02	1.477711e-01	1.353865e-01	
2.644980e-02	1.466930e-01	1.342862e-01	
2.669478e-02	1.456221e-01	1.331931e-01	
2.694204e-02	1.445562e-01	1.321072e-01	
2.719158e-02	1.435016e-01	1.310285e-01	
2.744343e-02	1.424521e-01	1.299569e-01	
2.769762e-02	1.414096e-01	1.288924e-01	
2.795416e-02	1.403741e-01	1.278349e-01	
2.821308e-02	1.393456e-01	1.267844e-01	
2.847439e-02	1.383240e-01	1.257409e-01	
2.873813e-02	1.373096e-01	1.247043e-01	
2.900430e-02	1.363015e-01	1.236746e-01	
2.927295e-02	1.353004e-01	1.226517e-01	
2.954408e-02	1.343061e-01	1.216357e-01	
2.981772e-02	1.333185e-01	1.206263e-01	
3.009390e-02	1.323374e-01	1.196237e-01	
3.037264e-02	1.313631e-01	1.186277e-01	
3.065395e-02	1.303954e-01	1.176384e-01	
3.093788e-02	1.294343e-01	1.166557e-01	
3.122443e-02	1.284796e-01	1.156795e-01	
3.151363e-02	1.275314e-01	1.147098e-01	
3.180552e-02	1.265897e-01	1.137466e-01	
3.210011e-02	1.256544e-01	1.127899e-01	
3.239743e-02	1.247254e-01	1.118395e-01	
3.269750e-02	1.238027e-01	1.108955e-01	
3.300035e-02	1.228863e-01	1.099578e-01	
3.330600e-02	1.219761e-01	1.090264e-01	
3.361449e-02	1.210721e-01	1.081012e-01	
3.392583e-02	1.201743e-01	1.071822e-01	
3.424006e-02	1.192826e-01	1.062694e-01	
3.455720e-02	1.183970e-01	1.053628e-01	
3.487727e-02	1.175175e-01	1.044622e-01	
3.520031e-02	1.166439e-01	1.035677e-01	
3.552635e-02	1.157763e-01	1.026791e-01	
3.585540e-02	1.149146e-01	1.017966e-01	
3.618750e-02	1.140588e-01	1.009200e-01	
3.652267e-02	1.132089e-01	1.000494e-01	
3.686095e-02	1.123648e-01	9.918457e-02	
3.720237e-02	1.115266e-01	9.832562e-02	
3.754694e-02	1.106940e-01	9.747246e-02	
3.789471e-02	1.098672e-01	9.662507e-02	
3.824570e-02	1.090460e-01	9.578342e-02	
3.859994e-02	1.082309e-01	9.494746e-02	
3.895746e-02	1.074209e-01	9.411717e-02	
3.931829e-02	1.066162e-01	9.329251e-02	
3.968246e-02	1.058174e-01	9.247344e-02	
4.005001e-02	1.050241e-01	9.165993e-02	
4.042096e-02	1.042363e-01	9.085195e-02	
4.079535e-02	1.034539e-01	9.004946e-02	
4.117320e-02	1.026769e-01	8.925243e-02	
4.155455e-02	1.019052e-01	8.846083e-02	
4.193944e-02	1.011389e-01	8.767462e-02	
4.232789e-02	1.003779e-01	8.689377e-02	
4.271994e-02	9.962443e-02	8.611825e-02	
4.311562e-02	9.887430e-02	8.534803e-02	
4.351497e-02	9.812914e-02	8.458306e-02	
4.391801e-02	9.738904e-02	8.382333e-02	
4.432479e-02	9.665401e-02	8.306880e-02	
4.473533e-02	9.592146e-02	8.231944e-02	
4.514968e-02	9.519666e-02	8.157521e-02	
4.556786e-02	9.447686e-02	8.083609e-02	
4.598992e-02	9.376213e-02	8.010204e-02	
4.641589e-02	9.305232e-02	7.937303e-02	
4.684580e-02	9.234747e-02	7.864903e-02	
4.727970e-02	9.164750e-02	7.793002e-02	
4.771761e-02	9.095240e-02	7.721595e-02	
4.815958e-02	9.026215e-02	7.650680e-02	
4.860564e-02	8.957676e-02	7.580255e-02	
4.905584e-02	8.889554e-02	7.510315e-02	
4.951020e-02	8.822037e-02	7.440858e-02	
4.996877e-02	8.754928e-02	7.371882e-02	
5.043159e-02	8.688299e-02	7.303382e-02	
5.089870e-02	8.622118e-02	7.235357e-02	
5.137014e-02	8.556400e-02	7.167802e-02	
5.184594e-02	8.490932e-02	7.100717e-02	
5.232614e-02	8.426152e-02	7.034096e-02	
5.281080e-02	8.361829e-02	6.967938e-02	
5.329994e-02	8.298137e-02	6.902240e-02	
5.379362e-02	8.234702e-02	6.836999e-02	
5.429186e-02	8.171569e-02	6.772212e-02	
5.479472e-02	8.109162e-02	6.707877e-02	
5.530224e-02	8.047054e-02	6.643989e-02	
5.581446e-02	7.985385e-02	6.580548e-02	
5.633143e-02	7.924152e-02	6.517550e-02	
5.685318e-02	7.863353e-02	6.454992e-02	
5.737976e-02	7.803006e-02	6.392871e-02	
5.791123e-02	7.743040e-02	6.331185e-02	
5.844761e-02	7.683518e-02	6.269932e-02	
5.898896e-02	7.624416e-02	6.209108e-02	
5.953533e-02	7.565735e-02	6.148711e-02	
6.008676e-02	7.507471e-02	6.088738e-02	
6.064329e-02	7.449620e-02	6.029187e-02	
6.120498e-02	7.392179e-02	5.970054e-02	
6.177188e-02	7.335145e-02	5.911338e-02	
6.234402e-02	7.278514e-02	5.853036e-02	
6.292146e-02	7.222286e-02	5.795145e-02	
6.350425e-02	7.166464e-02	5.737663e-02	
6.409244e-02	7.111032e-02	5.680587e-02	
6.468608e-02	7.055998e-02	5.623915e-02	
6.528521e-02	7.001357e-02	5.567644e-02	
6.588990e-02	6.947104e-02	5.511771e-02	
6.650018e-02	6.893237e-02	5.456295e-02	
6.711612e-02	6.839754e-02	5.401212e-02	
6.773776e-02	6.786619e-02	5.346520e-02	
6.836516e-02	6.733934e-02	5.292218e-02	
6.899837e-02	6.681592e-02	5.238301e-02	
6.963745e-02	6.629628e-02	5.184769e-02	
7.028244e-02	6.578031e-02	5.131619e-02	
7.093341e-02	6.526804e-02	5.078847e-02	
7.159041e-02	6.475820e-02	5.026453e-02	
7.225349e-02	6.425446e-02	4.974433e-02	
7.292272e-02	6.375315e-02	4.922785e-02	
7.359814e-02	6.325544e-02	4.871507e-02	
7.427982e-02	6.276135e-02	4.820596e-02	
7.496782e-02	6.227080e-02	4.770051e-02	
7.566219e-02	6.178372e-02	4.719869e-02	
7.636298e-02	6.130014e-02	4.670047e-02	
7.707027e-02	6.082032e-02	4.620584e-02	
7.778411e-02	6.034373e-02	4.571477e-02	
7.850456e-02	5.987056e-02	4.522724e-02	
7.923169e-02	5.940050e-02	4.474323e-02	
7.996555e-02	5.893414e-02	4.426271e-02	
8.070620e-02	5.847116e-02	4.378567e-02	
8.145372e-02	5.801152e-02	4.331208e-02	
8.220816e-02	5.755519e-02	4.284192e-02	
8.296959e-02	5.710215e-02	4.237516e-02	
8.373807e-02	5.665241e-02	4.191180e-02	
8.451366e-02	5.620593e-02	4.145180e-02	
8.529644e-02	5.576392e-02	4.099514e-02	
8.608648e-02	5.532430e-02	4.054181e-02	
8.688383e-02	5.488771e-02	4.009178e-02	
8.768856e-02	5.445414e-02	3.964504e-02	
8.850075e-02	5.402366e-02	3.920155e-02	
8.932046e-02	5.359625e-02	3.876131e-02	
9.014776e-02	5.317010e-02	3.832428e-02	
9.098273e-02	5.274892e-02	3.789046e-02	
9.182543e-02	5.233083e-02	3.745981e-02	
9.267593e-02	5.191581e-02	3.703233e-02	
9.353432e-02	5.150380e-02	3.660798e-02	
9.440065e-02	5.109478e-02	3.618676e-02	
9.527500e-02	5.068872e-02	3.576863e-02	
9.615746e-02	5.028562e-02	3.535359e-02	
9.704809e-02	4.988547e-02	3.494161e-02	
9.794697e-02	4.948771e-02	3.453267e-02	
9.885417e-02	4.909362e-02	3.412675e-02	
9.976978e-02	4.870264e-02	3.372383e-02	
1.006939e-01	4.831423e-02	3.332390e-02	
1.016265e-01	4.792853e-02	3.292693e-02	
1.025678e-01	4.754565e-02	3.253292e-02	
1.035178e-01	4.716400e-02	3.214182e-02	
1.044766e-01	4.678829e-02	3.175364e-02	
1.054443e-01	4.641382e-02	3.136835e-02	
1.064209e-01	4.604076e-02	3.098593e-02	
1.074066e-01	4.567188e-02	3.060637e-02	
1.084014e-01	4.530573e-02	3.022964e-02	
1.094055e-01	4.494227e-02	2.985573e-02	
1.104188e-01	4.458238e-02	2.948461e-02	
1.114415e-01	4.422414e-02	2.911629e-02	
1.124737e-01	4.386854e-02	2.875072e-02	
1.135155e-01	4.351558e-02	2.838790e-02	
1.145669e-01	4.316522e-02	2.802781e-02	
1.156280e-01	4.281761e-02	2.767044e-02	
1.166990e-01	4.247228e-02	2.731575e-02	
1.177799e-01	4.212963e-02	2.696375e-02	
1.188708e-01	4.178951e-02	2.661440e-02	
1.199718e-01	4.145191e-02	2.626770e-02	
1.210830e-01	4.111683e-02	2.592362e-02	
1.222045e-01	4.078423e-02	2.558216e-02	
1.233363e-01	4.045409e-02	2.524328e-02	
1.244787e-01	4.012640e-02	2.490699e-02	
1.256317e-01	3.980113e-02	2.457325e-02	
1.267953e-01	3.947833e-02	2.424205e-02	
1.279697e-01	3.915786e-02	2.391338e-02	
1.291550e-01	3.883978e-02	2.358722e-02	
1.303512e-01	3.852410e-02	2.326356e-02	
1.315586e-01	3.821076e-02	2.294237e-02	
1.327771e-01	3.789975e-02	2.262365e-02	
1.340069e-01	3.759105e-02	2.230737e-02	
1.352481e-01	3.728442e-02	2.199352e-02	
1.365008e-01	3.698030e-02	2.168209e-02	
1.377651e-01	3.667872e-02	2.137306e-02	
1.390411e-01	3.637914e-02	2.106641e-02	
1.403289e-01	3.608181e-02	2.076213e-02	
1.416287e-01	3.578670e-02	2.046020e-02	
1.429405e-01	3.549376e-02	2.016062e-02	
1.442644e-01	3.520219e-02	1.986335e-02	
1.456006e-01	3.491336e-02	1.956839e-02	
1.469492e-01	3.462811e-02	1.927573e-02	
1.483103e-01	3.434389e-02	1.898534e-02	
1.496839e-01	3.406179e-02	1.869722e-02	
1.510703e-01	3.378180e-02	1.841134e-02	
1.524696e-01	3.350391e-02	1.812770e-02	
1.538818e-01	3.322806e-02	1.784628e-02	
1.553071e-01	3.295451e-02	1.756707e-02	
1.567455e-01	3.268284e-02	1.729004e-02	
1.581973e-01	3.241320e-02	1.701519e-02	
1.596626e-01	3.214537e-02	1.674251e-02	
1.611414e-01	3.187978e-02	1.647197e-02	
1.626340e-01	3.161620e-02	1.620356e-02	
1.641403e-01	3.135458e-02	1.593728e-02	
1.656606e-01	3.109493e-02	1.567311e-02	
1.671950e-01	3.083723e-02	1.541102e-02	
1.687436e-01	3.058149e-02	1.515102e-02	
1.703065e-01	3.032768e-02	1.489308e-02	
1.718839e-01	3.007645e-02	1.463719e-02	
1.734759e-01	2.982681e-02	1.438335e-02	
1.750827e-01	2.957896e-02	1.413152e-02	
1.767044e-01	2.933149e-02	1.388171e-02	
1.783410e-01	2.908713e-02	1.363390e-02	
1.799929e-01	2.884461e-02	1.338808e-02	
1.816600e-01	2.860526e-02	1.314422e-02	
1.833425e-01	2.836632e-02	1.290233e-02	
1.850407e-01	2.812804e-02	1.266239e-02	
1.867546e-01	2.789280e-02	1.242437e-02	
1.884843e-01	2.765935e-02	1.218828e-02	
1.902301e-01	2.742766e-02	1.195410e-02	
1.919921e-01	2.719771e-02	1.172182e-02	
1.937703e-01	2.696949e-02	1.149142e-02	
1.955651e-01	2.674301e-02	1.126289e-02	
1.973764e-01	2.651827e-02	1.103622e-02	
1.992046e-01	2.629494e-02	1.081139e-02	
2.010496e-01	2.607376e-02	1.058840e-02	
2.029118e-01	2.585438e-02	1.036723e-02	
2.047912e-01	2.563640e-02	1.014788e-02	
2.066880e-01	2.542007e-02	9.930320e-03	
2.086024e-01	2.520429e-02	9.714548e-03	
2.105345e-01	2.499231e-02	9.500551e-03	
2.124845e-01	2.478090e-02	9.288317e-03	
2.144526e-01	2.457112e-02	9.077834e-03	
2.164389e-01	2.436293e-02	8.869091e-03	
2.184436e-01	2.415545e-02	8.662076e-03	
2.204669e-01	2.395050e-02	8.456777e-03	
2.225089e-01	2.374787e-02	8.253184e-03	
2.245698e-01	2.354595e-02	8.051284e-03	
2.266498e-01	2.334558e-02	7.851067e-03	
2.287491e-01	2.314676e-02	7.652521e-03	
2.308678e-01	2.294947e-02	7.455636e-03	
2.330061e-01	2.275369e-02	7.260400e-03	
2.351643e-01	2.255948e-02	7.066802e-03	
2.373424e-01	2.236661e-02	6.874831e-03	
2.395407e-01	2.217528e-02	6.684476e-03	
2.417594e-01	2.198541e-02	6.495727e-03	
2.439986e-01	2.179701e-02	6.308573e-03	
2.462586e-01	2.161007e-02	6.123003e-03	
2.485395e-01	2.142456e-02	5.939006e-03	
2.508415e-01	2.124047e-02	5.756572e-03	
2.531648e-01	2.105783e-02	5.575691e-03	
2.555097e-01	2.087655e-02	5.396352e-03	
2.578763e-01	2.069666e-02	5.218544e-03	
2.602648e-01	2.051815e-02	5.042258e-03	
2.626754e-01	2.034102e-02	4.867483e-03	
2.651084e-01	2.016526e-02	4.694209e-03	
2.675638e-01	1.999090e-02	4.522426e-03	
2.700421e-01	1.981784e-02	4.352124e-03	
2.725433e-01	1.964611e-02	4.183292e-03	
2.750676e-01	1.947555e-02	4.015922e-03	
2.776153e-01	1.930647e-02	3.850002e-03	
2.801867e-01	1.913785e-02	3.685524e-03	
2.827818e-01	1.897135e-02	3.522477e-03	
2.854010e-01	1.880720e-02	3.360852e-03	
2.880444e-01	1.864330e-02	3.200640e-03	
2.907123e-01	1.848065e-02	3.041829e-03	
2.934050e-01	1.831871e-02	2.884412e-03	
2.961225e-01	1.815911e-02	2.728379e-03	
2.988653e-01	1.800023e-02	2.573720e-03	
3.016334e-01	1.784257e-02	2.420425e-03	
3.044272e-01	1.768613e-02	2.268487e-03	
3.072469e-01	1.753089e-02	2.117894e-03	
3.100927e-01	1.737686e-02	1.968639e-03	
3.129648e-01	1.722415e-02	1.820712e-03	
3.158635e-01	1.707250e-02	1.674104e-03	
3.187891e-01	1.692203e-02	1.528806e-03	
3.217418e-01	1.677273e-02	1.384809e-03	
3.247218e-01	1.662458e-02	1.242105e-03	
3.277295e-01	1.647747e-02	1.100683e-03	
3.307650e-01	1.633162e-02	9.605368e-04	
3.338286e-01	1.618692e-02	8.216559e-04	
3.369206e-01	1.604333e-02	6.840321e-04	
3.400412e-01	1.590086e-02	5.476569e-04	
3.431907e-01	1.575951e-02	4.125217e-04	
3.463694e-01	1.561926e-02	2.786179e-04	
3.495776e-01	1.548029e-02	1.459370e-04	
3.528154e-01	1.534250e-02	1.447073e-05	
3.560833e-01	1.520576e-02	-1.157894e-04	
3.593814e-01	1.506911e-02	-2.448516e-04	
3.627100e-01	1.493428e-02	-3.727242e-04	
3.660695e-01	1.480048e-02	-4.994155e-04	
3.694601e-01	1.466773e-02	-6.249335e-04	
3.728821e-01	1.453600e-02	-7.492864e-04	
3.763358e-01	1.440620e-02	-8.724822e-04	
3.798215e-01	1.427646e-02	-9.945289e-04	
3.833395e-01	1.414774e-02	-1.115435e-03	
3.868901e-01	1.401940e-02	-1.235207e-03	
3.904735e-01	1.389276e-02	-1.353854e-03	
3.940902e-01	1.376711e-02	-1.471384e-03	
3.977403e-01	1.364244e-02	-1.587804e-03	
4.014242e-01	1.351879e-02	-1.703122e-03	
4.051423e-01	1.339609e-02	-1.817346e-03	
4.088948e-01	1.327418e-02	-1.930483e-03	
4.126821e-01	1.315349e-02	-2.042541e-03	
4.165044e-01	1.303379e-02	-2.153527e-03	
4.203622e-01	1.291490e-02	-2.263449e-03	
4.242556e-01	1.279631e-02	-2.372315e-03	
4.281852e-01	1.267990e-02	-2.480131e-03	
4.321511e-01	1.256379e-02	-2.586906e-03	
4.361538e-01	1.244862e-02	-2.692645e-03	
4.401935e-01	1.233436e-02	-2.797358e-03	
4.442707e-01	1.222101e-02	-2.901050e-03	
4.483856e-01	1.210854e-02	-3.003729e-03	
4.525386e-01	1.199696e-02	-3.105403e-03	
4.567301e-01	1.188626e-02	-3.206078e-03	
4.609604e-01	1.177643e-02	-3.305761e-03	
4.652300e-01	1.166751e-02	-3.404459e-03	
4.695390e-01	1.155943e-02	-3.502179e-03	
4.738880e-01	1.145222e-02	-3.598929e-03	
4.782772e-01	1.134589e-02	-3.694715e-03	
4.827071e-01	1.124036e-02	-3.789543e-03	
4.871780e-01	1.113564e-02	-3.883421e-03	
4.916904e-01	1.103179e-02	-3.976355e-03	
4.962445e-01	1.092876e-02	-4.068352e-03	
5.008408e-01	1.082655e-02	-4.159419e-03	
5.054797e-01	1.072520e-02	-4.249563e-03	
5.101615e-01	1.062463e-02	-4.338789e-03	
5.148867e-01	1.052486e-02	-4.427104e-03	
5.196557e-01	1.042588e-02	-4.514516e-03	
5.244689e-01	1.032768e-02	-4.601029e-03	
5.293266e-01	1.023026e-02	-4.686652e-03	
5.342293e-01	1.013363e-02	-4.771389e-03	
5.391775e-01	1.003778e-02	-4.855248e-03	
5.441714e-01	9.942701e-03	-4.938235e-03	
5.492116e-01	9.848391e-03	-5.020355e-03	
5.542986e-01	9.754866e-03	-5.101616e-03	
5.594326e-01	9.661966e-03	-5.182023e-03	
5.646141e-01	9.569905e-03	-5.261583e-03	
5.698437e-01	9.478580e-03	-5.340301e-03	
5.751217e-01	9.388004e-03	-5.418184e-03	
5.804486e-01	9.298249e-03	-5.495237e-03	
5.858248e-01	9.209130e-03	-5.571467e-03	
5.912508e-01	9.120747e-03	-5.646880e-03	
5.967271e-01	9.033060e-03	-5.721481e-03	
6.022541e-01	8.946088e-03	-5.795276e-03	
6.078323e-01	8.859548e-03	-5.868272e-03	
6.134622e-01	8.774231e-03	-5.940474e-03	
6.191442e-01	8.689343e-03	-6.011887e-03	
6.248788e-01	8.605169e-03	-6.082518e-03	
6.306666e-01	8.521653e-03	-6.152372e-03	
6.365079e-01	8.438880e-03	-6.221454e-03	
6.424034e-01	8.356732e-03	-6.289772e-03	
6.483534e-01	8.275251e-03	-6.357329e-03	
6.543586e-01	8.194432e-03	-6.424131e-03	
6.604194e-01	8.114263e-03	-6.490185e-03	
6.665363e-01	8.034728e-03	-6.555495e-03	
6.727099e-01	7.955851e-03	-6.620068e-03	
6.789407e-01	7.877617e-03	-6.683907e-03	
6.852292e-01	7.799993e-03	-6.747020e-03	
6.915759e-01	7.722817e-03	-6.809410e-03	
6.979814e-01	7.646505e-03	-6.871084e-03	
7.044462e-01	7.570828e-03	-6.932047e-03	
7.109709e-01	7.496005e-03	-6.992303e-03	
7.175561e-01	7.421553e-03	-7.051859e-03	
7.242022e-01	7.347556e-03	-7.110718e-03	
7.309099e-01	7.274511e-03	-7.168888e-03	
7.376798e-01	7.202084e-03	-7.226372e-03	
7.445123e-01	7.129860e-03	-7.283175e-03	
7.514081e-01	7.058377e-03	-7.339303e-03	
7.583678e-01	6.987544e-03	-7.394761e-03	
7.653919e-01	6.917770e-03	-7.449553e-03	
7.724811e-01	6.847771e-03	-7.503685e-03	
7.796360e-01	6.778687e-03	-7.557161e-03	
7.868572e-01	6.710176e-03	-7.609987e-03	
7.941452e-01	6.642243e-03	-7.662167e-03	
8.015007e-01	6.574868e-03	-7.713706e-03	
8.089243e-01	6.508079e-03	-7.764609e-03	
8.164168e-01	6.441849e-03	-7.814881e-03	
8.239786e-01	6.376173e-03	-7.864526e-03	
8.316104e-01	6.311227e-03	-7.913549e-03	
8.393129e-01	6.246553e-03	-7.961955e-03	
8.470868e-01	6.182435e-03	-8.009748e-03	
8.549327e-01	6.118897e-03	-8.056933e-03	
8.628513e-01	6.055873e-03	-8.103514e-03	
8.708431e-01	5.993352e-03	-8.149497e-03	
8.789091e-01	5.931381e-03	-8.194885e-03	
8.870497e-01	5.869927e-03	-8.239684e-03	
8.952657e-01	5.809293e-03	-8.283897e-03	
9.035578e-01	5.748925e-03	-8.327529e-03	
9.119268e-01	5.689073e-03	-8.370584e-03	
9.203732e-01	5.629735e-03	-8.413067e-03	
9.288979e-01	5.570908e-03	-8.454983e-03	
9.375015e-01	5.512589e-03	-8.496335e-03	
9.461848e-01	5.454770e-03	-8.537127e-03	
9.549486e-01	5.397441e-03	-8.577365e-03	
9.637935e-01	5.340580e-03	-8.617052e-03	
9.727203e-01	5.284224e-03	-8.656193e-03	
9.817298e-01	5.228352e-03	-8.694791e-03	
9.908228e-01	5.172964e-03	-8.732851e-03	
