1.000000e-10	1.852756e+04	1.852605e+04	
1.016265e-10	1.836521e+04	1.836371e+04	
1.032795e-10	1.820428e+04	1.820278e+04	
1.049593e-10	1.804474e+04	1.804326e+04	
1.066665e-10	1.788659e+04	1.788513e+04	
1.084014e-10	1.772982e+04	1.772837e+04	
1.101646e-10	1.757441e+04	1.757297e+04	
1.119564e-10	1.742036e+04	1.741893e+04	
1.137774e-10	1.726765e+04	1.726623e+04	
1.156280e-10	1.711626e+04	1.711486e+04	
1.175087e-10	1.696620e+04	1.696480e+04	
1.194200e-10	1.681744e+04	1.681605e+04	
1.213624e-10	1.666998e+04	1.666860e+04	
1.233363e-10	1.652380e+04	1.652243e+04	
1.253424e-10	1.637889e+04	1.637754e+04	
1.273811e-10	1.623524e+04	1.623390e+04	
1.294530e-10	1.609285e+04	1.609152e+04	
1.315586e-10	1.595170e+04	1.595038e+04	
1.336984e-10	1.581177e+04	1.581046e+04	
1.358730e-10	1.567306e+04	1.567177e+04	
1.380830e-10	1.553557e+04	1.553428e+04	
1.403289e-10	1.539927e+04	1.539799e+04	
1.426114e-10	1.526415e+04	1.526289e+04	
1.449310e-10	1.513022e+04	1.512896e+04	
1.472883e-10	1.499745e+04	1.499620e+04	
1.496839e-10	1.486584e+04	1.486460e+04	
1.521186e-10	1.473537e+04	1.473414e+04	
1.545928e-10	1.460604e+04	1.460483e+04	
1.571072e-10	1.447784e+04	1.447663e+04	
1.596626e-10	1.435076e+04	1.434956e+04	
1.622595e-10	1.422478e+04	1.422359e+04	
1.648987e-10	1.409990e+04	1.409872e+04	
1.675808e-10	1.397611e+04	1.397494e+04	
1.703065e-10	1.385340e+04	1.385224e+04	
1.730766e-10	1.373176e+04	1.373061e+04	
1.758917e-10	1.361118e+04	1.361004e+04	
1.787526e-10	1.349165e+04	1.349051e+04	
1.816600e-10	1.337316e+04	1.337204e+04	
1.846147e-10	1.325570e+04	1.325459e+04	
1.876175e-10	1.313927e+04	1.313817e+04	
1.906691e-10	1.302386e+04	1.302276e+04	
1.937703e-10	1.290945e+04	1.290836e+04	
1.969220e-10	1.279604e+04	1.279496e+04	
2.001250e-10	1.268361e+04	1.268254e+04	
2.033800e-10	1.257217e+04	1.257111e+04	
2.066880e-10	1.246170e+04	1.246065e+04	
2.100498e-10	1.235220e+04	1.235115e+04	
2.134663e-10	1.224364e+04	1.224261e+04	
2.169384e-10	1.213604e+04	1.213501e+04	
2.204669e-10	1.202937e+04	1.202835e+04	
2.240528e-10	1.192364e+04	1.192263e+04	
2.276970e-10	1.181883e+04	1.181782e+04	
2.314005e-10	1.171493e+04	1.171393e+04	
2.351643e-10	1.161194e+04	1.161095e+04	
2.389893e-10	1.150985e+04	1.150887e+04	
2.428764e-10	1.140864e+04	1.140767e+04	
2.468268e-10	1.130833e+04	1.130736e+04	
2.508415e-10	1.120888e+04	1.120793e+04	
2.549215e-10	1.111031e+04	1.110936e+04	
2.590678e-10	1.101259e+04	1.101165e+04	
2.632815e-10	1.091573e+04	1.091480e+04	
2.675638e-10	1.081972e+04	1.081879e+04	
2.719158e-10	1.072454e+04	1.072362e+04	
2.763385e-10	1.063019e+04	1.062928e+04	
2.808332e-10	1.053667e+04	1.053576e+04	
2.854010e-10	1.044396e+04	1.044307e+04	
2.900430e-10	1.035207e+04	1.035118e+04	
2.947606e-10	1.026097e+04	1.026009e+04	
2.995549e-10	1.017067e+04	1.016980e+04	
3.044272e-10	1.008116e+04	1.008029e+04	
3.093788e-10	9.992434e+03	9.991573e+03	
3.144108e-10	9.904481e+03	9.903626e+03	
3.195248e-10	9.817295e+03	9.816448e+03	
3.247218e-10	9.730872e+03	9.730032e+03	
3.300035e-10	9.645203e+03	9.644370e+03	
3.353710e-10	9.560283e+03	9.559456e+03	
3.408259e-10	9.476105e+03	9.475285e+03	
3.463694e-10	9.392663e+03	9.391849e+03	
3.520031e-10	9.309949e+03	9.309142e+03	
3.577285e-10	9.227959e+03	9.227158e+03	
3.635470e-10	9.146685e+03	9.145890e+03	
3.694601e-10	9.066121e+03	9.065333e+03	
3.754694e-10	8.986261e+03	8.985480e+03	
3.815765e-10	8.907099e+03	8.906324e+03	
3.877828e-10	8.828630e+03	8.827861e+03	
3.940902e-10	8.750846e+03	8.750083e+03	
4.005001e-10	8.673742e+03	8.672986e+03	
4.070142e-10	8.597313e+03	8.596562e+03	
4.136344e-10	8.521551e+03	8.520807e+03	
4.203622e-10	8.446452e+03	8.445714e+03	
4.271994e-10	8.372010e+03	8.371277e+03	
4.341478e-10	8.298219e+03	8.297492e+03	
4.412093e-10	8.225073e+03	8.224352e+03	
4.483856e-10	8.152566e+03	8.151851e+03	
4.556786e-10	8.080694e+03	8.079985e+03	
4.630903e-10	8.009451e+03	8.008747e+03	
4.706225e-10	7.938830e+03	7.938132e+03	
4.782772e-10	7.868828e+03	7.868135e+03	
4.860564e-10	7.799438e+03	7.798751e+03	
4.939622e-10	7.730654e+03	7.729973e+03	
5.019965e-10	7.662473e+03	7.661797e+03	
5.101615e-10	7.594888e+03	7.594218e+03	
5.184594e-10	7.527895e+03	7.527230e+03	
5.268921e-10	7.461488e+03	7.460828e+03	
5.354621e-10	7.395662e+03	7.395008e+03	
5.441714e-10	7.330412e+03	7.329763e+03	
5.530224e-10	7.265733e+03	7.265089e+03	
5.620174e-10	7.201621e+03	7.200982e+03	
5.711586e-10	7.138069e+03	7.137436e+03	
5.804486e-10	7.075074e+03	7.074446e+03	
5.898896e-10	7.012630e+03	7.012007e+03	
5.994843e-10	6.950734e+03	6.950115e+03	
6.092349e-10	6.889379e+03	6.888765e+03	
6.191442e-10	6.828561e+03	6.827952e+03	
6.292146e-10	6.768275e+03	6.767672e+03	
6.394488e-10	6.708518e+03	6.707919e+03	
6.498495e-10	6.649284e+03	6.648690e+03	
6.604194e-10	6.590569e+03	6.589980e+03	
6.711612e-10	6.532368e+03	6.531784e+03	
6.820777e-10	6.474677e+03	6.474097e+03	
6.931717e-10	6.417491e+03	6.416916e+03	
7.044462e-10	6.360806e+03	6.360236e+03	
7.159041e-10	6.304618e+03	6.304052e+03	
7.275484e-10	6.248922e+03	6.248361e+03	
7.393820e-10	6.193714e+03	6.193157e+03	
7.514081e-10	6.138990e+03	6.138437e+03	
7.636298e-10	6.084745e+03	6.084197e+03	
7.760503e-10	6.030976e+03	6.030432e+03	
7.886729e-10	5.977678e+03	5.977139e+03	
8.015007e-10	5.924847e+03	5.924312e+03	
8.145372e-10	5.872479e+03	5.871948e+03	
8.277857e-10	5.820570e+03	5.820044e+03	
8.412497e-10	5.769116e+03	5.768594e+03	
8.549327e-10	5.718113e+03	5.717596e+03	
8.688383e-10	5.667558e+03	5.667044e+03	
8.829700e-10	5.617446e+03	5.616936e+03	
8.973316e-10	5.567773e+03	5.567267e+03	
9.119268e-10	5.518535e+03	5.518034e+03	
9.267593e-10	5.469730e+03	5.469232e+03	
9.418332e-10	5.421352e+03	5.420859e+03	
9.571522e-10	5.373399e+03	5.372909e+03	
9.727203e-10	5.325866e+03	5.325381e+03	
9.885417e-10	5.278750e+03	5.278269e+03	
1.004620e-09	5.232048e+03	5.231570e+03	
1.020961e-09	5.185755e+03	5.185281e+03	
1.037567e-09	5.139869e+03	5.139399e+03	
1.054443e-09	5.094385e+03	5.093918e+03	
1.071593e-09	5.049300e+03	5.048837e+03	
1.089023e-09	5.004610e+03	5.004152e+03	
1.106736e-09	4.960313e+03	4.959858e+03	
1.124737e-09	4.916405e+03	4.915953e+03	
1.143031e-09	4.872882e+03	4.872434e+03	
1.161623e-09	4.829741e+03	4.829297e+03	
1.180517e-09	4.786978e+03	4.786538e+03	
1.199718e-09	4.744591e+03	4.744154e+03	
1.219231e-09	4.702577e+03	4.702143e+03	
1.239062e-09	4.660931e+03	4.660500e+03	
1.259216e-09	4.619650e+03	4.619224e+03	
1.279697e-09	4.578732e+03	4.578309e+03	
1.300511e-09	4.538174e+03	4.537754e+03	
1.321664e-09	4.497971e+03	4.497555e+03	
1.343161e-09	4.458122e+03	4.457709e+03	
1.365008e-09	4.418622e+03	4.418213e+03	
1.387210e-09	4.379470e+03	4.379063e+03	
1.409773e-09	4.340661e+03	4.340258e+03	
1.432703e-09	4.302194e+03	4.301794e+03	
1.456006e-09	4.264064e+03	4.263667e+03	
1.479688e-09	4.226269e+03	4.225876e+03	
1.503755e-09	4.188807e+03	4.188416e+03	
1.528214e-09	4.151673e+03	4.151286e+03	
1.553071e-09	4.114866e+03	4.114482e+03	
1.578331e-09	4.078382e+03	4.078001e+03	
1.604003e-09	4.042219e+03	4.041841e+03	
1.630092e-09	4.006374e+03	4.005999e+03	
1.656606e-09	3.970844e+03	3.970472e+03	
1.683551e-09	3.935626e+03	3.935257e+03	
1.710934e-09	3.900717e+03	3.900351e+03	
1.738762e-09	3.866116e+03	3.865753e+03	
1.767044e-09	3.831819e+03	3.831458e+03	
1.795785e-09	3.797823e+03	3.797466e+03	
1.824993e-09	3.764126e+03	3.763772e+03	
1.854677e-09	3.730726e+03	3.730374e+03	
1.884843e-09	3.697619e+03	3.697270e+03	
1.915501e-09	3.664803e+03	3.664457e+03	
1.946656e-09	3.632276e+03	3.631933e+03	
1.978319e-09	3.600036e+03	3.599695e+03	
2.010496e-09	3.568078e+03	3.567741e+03	
2.043197e-09	3.536402e+03	3.536067e+03	
2.076430e-09	3.505005e+03	3.504673e+03	
2.110203e-09	3.473884e+03	3.473554e+03	
2.144526e-09	3.443036e+03	3.442709e+03	
2.179407e-09	3.412460e+03	3.412136e+03	
2.214855e-09	3.382154e+03	3.381832e+03	
2.250880e-09	3.352113e+03	3.351794e+03	
2.287491e-09	3.322338e+03	3.322021e+03	
2.324697e-09	3.292824e+03	3.292510e+03	
2.362508e-09	3.263570e+03	3.263259e+03	
2.400935e-09	3.234574e+03	3.234265e+03	
2.439986e-09	3.205833e+03	3.205526e+03	
2.479673e-09	3.177345e+03	3.177041e+03	
2.520005e-09	3.149107e+03	3.148806e+03	
2.560993e-09	3.121119e+03	3.120820e+03	
2.602648e-09	3.093377e+03	3.093080e+03	
2.644980e-09	3.065879e+03	3.065584e+03	
2.688001e-09	3.038623e+03	3.038331e+03	
2.731722e-09	3.011608e+03	3.011318e+03	
2.776153e-09	2.984830e+03	2.984543e+03	
2.821308e-09	2.958288e+03	2.958003e+03	
2.867196e-09	2.931980e+03	2.931698e+03	
2.913832e-09	2.905904e+03	2.905624e+03	
2.961225e-09	2.880058e+03	2.879780e+03	
3.009390e-09	2.854439e+03	2.854163e+03	
3.058338e-09	2.829046e+03	2.828772e+03	
3.108082e-09	2.803877e+03	2.803606e+03	
3.158635e-09	2.778930e+03	2.778660e+03	
3.210011e-09	2.754202e+03	2.753935e+03	
3.262222e-09	2.729693e+03	2.729428e+03	
3.315282e-09	2.705399e+03	2.705137e+03	
3.369206e-09	2.681320e+03	2.681059e+03	
3.424006e-09	2.657453e+03	2.657195e+03	
3.479698e-09	2.633797e+03	2.633540e+03	
3.536296e-09	2.610349e+03	2.610094e+03	
3.593814e-09	2.587108e+03	2.586855e+03	
3.652267e-09	2.564071e+03	2.563821e+03	
3.711672e-09	2.541238e+03	2.540990e+03	
3.772042e-09	2.518607e+03	2.518360e+03	
3.833395e-09	2.496175e+03	2.495930e+03	
3.895746e-09	2.473940e+03	2.473698e+03	
3.959110e-09	2.451902e+03	2.451662e+03	
4.023506e-09	2.430059e+03	2.429820e+03	
4.088948e-09	2.408408e+03	2.408171e+03	
4.155455e-09	2.386948e+03	2.386713e+03	
4.223044e-09	2.365678e+03	2.365445e+03	
4.291732e-09	2.344595e+03	2.344364e+03	
4.361538e-09	2.323698e+03	2.323469e+03	
4.432479e-09	2.302986e+03	2.302759e+03	
4.504573e-09	2.282457e+03	2.282231e+03	
4.577841e-09	2.262108e+03	2.261885e+03	
4.652300e-09	2.241940e+03	2.241718e+03	
4.727970e-09	2.221949e+03	2.221729e+03	
4.804870e-09	2.202135e+03	2.201917e+03	
4.883022e-09	2.182496e+03	2.182280e+03	
4.962445e-09	2.163031e+03	2.162816e+03	
5.043159e-09	2.143737e+03	2.143524e+03	
5.125187e-09	2.124614e+03	2.124402e+03	
5.208549e-09	2.105659e+03	2.105449e+03	
5.293266e-09	2.086872e+03	2.086664e+03	
5.379362e-09	2.068251e+03	2.068045e+03	
5.466857e-09	2.049795e+03	2.049590e+03	
5.555776e-09	2.031501e+03	2.031298e+03	
5.646141e-09	2.013369e+03	2.013168e+03	
5.737976e-09	1.995398e+03	1.995198e+03	
5.831305e-09	1.977585e+03	1.977387e+03	
5.926152e-09	1.959930e+03	1.959733e+03	
6.022541e-09	1.942431e+03	1.942235e+03	
6.120498e-09	1.925086e+03	1.924892e+03	
6.220049e-09	1.907895e+03	1.907703e+03	
6.321218e-09	1.890855e+03	1.890665e+03	
6.424034e-09	1.873967e+03	1.873778e+03	
6.528521e-09	1.857227e+03	1.857040e+03	
6.634708e-09	1.840636e+03	1.840450e+03	
6.742622e-09	1.824191e+03	1.824007e+03	
6.852292e-09	1.807892e+03	1.807709e+03	
6.963745e-09	1.791737e+03	1.791556e+03	
7.077011e-09	1.775725e+03	1.775545e+03	
7.192119e-09	1.759854e+03	1.759676e+03	
7.309099e-09	1.744124e+03	1.743947e+03	
7.427982e-09	1.728533e+03	1.728358e+03	
7.548799e-09	1.713080e+03	1.712906e+03	
7.671581e-09	1.697764e+03	1.697591e+03	
7.796360e-09	1.682583e+03	1.682412e+03	
7.923169e-09	1.667537e+03	1.667367e+03	
8.052040e-09	1.652624e+03	1.652455e+03	
8.183007e-09	1.637843e+03	1.637675e+03	
8.316104e-09	1.623192e+03	1.623026e+03	
8.451366e-09	1.608671e+03	1.608507e+03	
8.588829e-09	1.594279e+03	1.594116e+03	
8.728527e-09	1.580015e+03	1.579852e+03	
8.870497e-09	1.565876e+03	1.565715e+03	
9.014776e-09	1.551863e+03	1.551703e+03	
9.161402e-09	1.537974e+03	1.537816e+03	
9.310413e-09	1.524208e+03	1.524051e+03	
9.461848e-09	1.510563e+03	1.510408e+03	
9.615746e-09	1.497040e+03	1.496886e+03	
9.772147e-09	1.483637e+03	1.483483e+03	
9.931092e-09	1.470352e+03	1.470200e+03	
1.009262e-08	1.457185e+03	1.457034e+03	
1.025678e-08	1.444134e+03	1.443985e+03	
1.042361e-08	1.431199e+03	1.431051e+03	
1.059315e-08	1.418379e+03	1.418232e+03	
1.076545e-08	1.405673e+03	1.405527e+03	
1.094055e-08	1.393079e+03	1.392934e+03	
1.111850e-08	1.380596e+03	1.380453e+03	
1.129934e-08	1.368225e+03	1.368082e+03	
1.148312e-08	1.355963e+03	1.355822e+03	
1.166990e-08	1.343810e+03	1.343669e+03	
1.185971e-08	1.331764e+03	1.331625e+03	
1.205261e-08	1.319825e+03	1.319687e+03	
1.224865e-08	1.307993e+03	1.307856e+03	
1.244787e-08	1.296265e+03	1.296129e+03	
1.265034e-08	1.284641e+03	1.284506e+03	
1.285610e-08	1.273120e+03	1.272987e+03	
1.306520e-08	1.261702e+03	1.261569e+03	
1.327771e-08	1.250384e+03	1.250253e+03	
1.349367e-08	1.239168e+03	1.239037e+03	
1.371315e-08	1.228050e+03	1.227921e+03	
1.393619e-08	1.217032e+03	1.216903e+03	
1.416287e-08	1.206111e+03	1.205984e+03	
1.439323e-08	1.195287e+03	1.195161e+03	
1.462733e-08	1.184559e+03	1.184434e+03	
1.486525e-08	1.173926e+03	1.173802e+03	
1.510703e-08	1.163388e+03	1.163265e+03	
1.535275e-08	1.152943e+03	1.152821e+03	
1.560246e-08	1.142591e+03	1.142470e+03	
1.585624e-08	1.132331e+03	1.132211e+03	
1.611414e-08	1.122162e+03	1.122043e+03	
1.637624e-08	1.112084e+03	1.111965e+03	
1.664260e-08	1.102095e+03	1.101977e+03	
1.691330e-08	1.092194e+03	1.092078e+03	
1.718839e-08	1.082382e+03	1.082266e+03	
1.746796e-08	1.072657e+03	1.072542e+03	
1.775208e-08	1.063018e+03	1.062904e+03	
1.804082e-08	1.053465e+03	1.053352e+03	
1.833425e-08	1.043996e+03	1.043884e+03	
1.863246e-08	1.034612e+03	1.034501e+03	
1.893552e-08	1.025311e+03	1.025201e+03	
1.924351e-08	1.016093e+03	1.015984e+03	
1.955651e-08	1.006957e+03	1.006849e+03	
1.987460e-08	9.979021e+02	9.977947e+02	
2.019786e-08	9.889276e+02	9.888211e+02	
2.052638e-08	9.800330e+02	9.799273e+02	
2.086024e-08	9.712174e+02	9.711126e+02	
2.119953e-08	9.624802e+02	9.623762e+02	
2.154435e-08	9.538208e+02	9.537176e+02	
2.189477e-08	9.452383e+02	9.451360e+02	
2.225089e-08	9.367322e+02	9.366307e+02	
2.261280e-08	9.283017e+02	9.282010e+02	
2.298060e-08	9.199463e+02	9.198464e+02	
2.335438e-08	9.116652e+02	9.115661e+02	
2.373424e-08	9.034578e+02	9.033595e+02	
2.412028e-08	8.953234e+02	8.952259e+02	
2.451260e-08	8.872614e+02	8.871646e+02	
2.491130e-08	8.792711e+02	8.791752e+02	
2.531648e-08	8.713520e+02	8.712568e+02	
2.572826e-08	8.635034e+02	8.634090e+02	
2.614673e-08	8.557246e+02	8.556310e+02	
2.657201e-08	8.480151e+02	8.479222e+02	
2.700421e-08	8.403742e+02	8.402821e+02	
2.744343e-08	8.328014e+02	8.327100e+02	
2.788980e-08	8.252960e+02	8.252053e+02	
2.834343e-08	8.178575e+02	8.177675e+02	
2.880444e-08	8.104852e+02	8.103960e+02	
2.927295e-08	8.031786e+02	8.030901e+02	
2.974908e-08	7.959371e+02	7.958493e+02	
3.023295e-08	7.887601e+02	7.886730e+02	
3.072469e-08	7.816470e+02	7.815606e+02	
3.122443e-08	7.745973e+02	7.745116e+02	
3.173230e-08	7.676105e+02	7.675255e+02	
3.224842e-08	7.606859e+02	7.606016e+02	
3.277295e-08	7.538230e+02	7.537394e+02	
3.330600e-08	7.470214e+02	7.469383e+02	
3.384773e-08	7.402803e+02	7.401980e+02	
3.439826e-08	7.335993e+02	7.335177e+02	
3.495776e-08	7.269780e+02	7.268969e+02	
3.552635e-08	7.204156e+02	7.203352e+02	
3.610419e-08	7.139118e+02	7.138321e+02	
3.669142e-08	7.074660e+02	7.073869e+02	
3.728821e-08	7.010777e+02	7.009992e+02	
3.789471e-08	6.947463e+02	6.946685e+02	
3.851107e-08	6.884715e+02	6.883943e+02	
3.913746e-08	6.822526e+02	6.821760e+02	
3.977403e-08	6.760892e+02	6.760132e+02	
4.042096e-08	6.699808e+02	6.699055e+02	
4.107841e-08	6.639269e+02	6.638522e+02	
4.174655e-08	6.579271e+02	6.578529e+02	
4.242556e-08	6.519808e+02	6.519073e+02	
4.311562e-08	6.460876e+02	6.460146e+02	
4.381690e-08	6.402470e+02	6.401746e+02	
4.452959e-08	6.344585e+02	6.343867e+02	
4.525386e-08	6.287218e+02	6.286506e+02	
4.598992e-08	6.230362e+02	6.229656e+02	
4.673795e-08	6.174015e+02	6.173314e+02	
4.749815e-08	6.118170e+02	6.117475e+02	
4.827071e-08	6.062825e+02	6.062135e+02	
4.905584e-08	6.007974e+02	6.007289e+02	
4.985373e-08	5.953612e+02	5.952934e+02	
5.066461e-08	5.899737e+02	5.899064e+02	
5.148867e-08	5.846343e+02	5.845675e+02	
5.232614e-08	5.793426e+02	5.792763e+02	
5.317723e-08	5.740982e+02	5.740325e+02	
5.404216e-08	5.689007e+02	5.688355e+02	
5.492116e-08	5.637496e+02	5.636849e+02	
5.581446e-08	5.586446e+02	5.585804e+02	
5.672229e-08	5.535852e+02	5.535216e+02	
5.764488e-08	5.485711e+02	5.485080e+02	
5.858248e-08	5.436018e+02	5.435392e+02	
5.953533e-08	5.386769e+02	5.386148e+02	
6.050368e-08	5.337961e+02	5.337345e+02	
6.148778e-08	5.289589e+02	5.288978e+02	
6.248788e-08	5.241651e+02	5.241044e+02	
6.350425e-08	5.194141e+02	5.193539e+02	
6.453715e-08	5.147056e+02	5.146459e+02	
6.558686e-08	5.100392e+02	5.099800e+02	
6.665363e-08	5.054146e+02	5.053559e+02	
6.773776e-08	5.008314e+02	5.007731e+02	
6.883952e-08	4.962892e+02	4.962314e+02	
6.995920e-08	4.917876e+02	4.917303e+02	
7.109709e-08	4.873264e+02	4.872695e+02	
7.225349e-08	4.829051e+02	4.828487e+02	
7.342870e-08	4.785234e+02	4.784675e+02	
7.462303e-08	4.741809e+02	4.741254e+02	
7.583678e-08	4.698773e+02	4.698223e+02	
7.707027e-08	4.656123e+02	4.655577e+02	
7.832383e-08	4.613855e+02	4.613313e+02	
7.959777e-08	4.571965e+02	4.571428e+02	
8.089243e-08	4.530451e+02	4.529917e+02	
8.220816e-08	4.489308e+02	4.488779e+02	
8.354528e-08	4.448534e+02	4.448010e+02	
8.490415e-08	4.408126e+02	4.407606e+02	
8.628513e-08	4.368080e+02	4.367563e+02	
8.768856e-08	4.328392e+02	4.327880e+02	
8.911482e-08	4.289061e+02	4.288553e+02	
9.056428e-08	4.250082e+02	4.249578e+02	
9.203732e-08	4.211453e+02	4.210953e+02	
9.353432e-08	4.173169e+02	4.172674e+02	
9.505566e-08	4.135230e+02	4.134738e+02	
9.660175e-08	4.097630e+02	4.097142e+02	
9.817298e-08	4.060368e+02	4.059884e+02	
9.976978e-08	4.023440e+02	4.022960e+02	
1.013925e-07	3.986844e+02	3.986367e+02	
1.030417e-07	3.950575e+02	3.950102e+02	
1.047177e-07	3.914632e+02	3.914163e+02	
1.064209e-07	3.879012e+02	3.878547e+02	
1.081519e-07	3.843711e+02	3.843250e+02	
1.099110e-07	3.808727e+02	3.808269e+02	
1.116987e-07	3.774057e+02	3.773603e+02	
1.135155e-07	3.739699e+02	3.739248e+02	
1.153618e-07	3.705649e+02	3.705202e+02	
1.172382e-07	3.671904e+02	3.671461e+02	
1.191451e-07	3.638463e+02	3.638023e+02	
1.210830e-07	3.605322e+02	3.604886e+02	
1.230524e-07	3.572479e+02	3.572046e+02	
1.250539e-07	3.539931e+02	3.539501e+02	
1.270879e-07	3.507675e+02	3.507249e+02	
1.291550e-07	3.475709e+02	3.475286e+02	
1.312557e-07	3.444030e+02	3.443611e+02	
1.333906e-07	3.412636e+02	3.412220e+02	
1.355602e-07	3.381524e+02	3.381111e+02	
1.377651e-07	3.350691e+02	3.350282e+02	
1.400058e-07	3.320136e+02	3.319730e+02	
1.422830e-07	3.289856e+02	3.289453e+02	
1.445973e-07	3.259847e+02	3.259448e+02	
1.469492e-07	3.230109e+02	3.229713e+02	
1.493393e-07	3.200638e+02	3.200245e+02	
1.517683e-07	3.171432e+02	3.171042e+02	
1.542369e-07	3.142489e+02	3.142102e+02	
1.567455e-07	3.113806e+02	3.113422e+02	
1.592950e-07	3.085381e+02	3.085000e+02	
1.618860e-07	3.057212e+02	3.056834e+02	
1.645191e-07	3.029296e+02	3.028922e+02	
1.671950e-07	3.001632e+02	3.001261e+02	
1.699144e-07	2.974217e+02	2.973848e+02	
1.726781e-07	2.947048e+02	2.946682e+02	
1.754867e-07	2.920124e+02	2.919761e+02	
1.783410e-07	2.893443e+02	2.893083e+02	
1.812418e-07	2.867001e+02	2.866644e+02	
1.841897e-07	2.840798e+02	2.840444e+02	
1.871855e-07	2.814831e+02	2.814479e+02	
1.902301e-07	2.789097e+02	2.788749e+02	
1.933242e-07	2.763596e+02	2.763250e+02	
1.964687e-07	2.738324e+02	2.737981e+02	
1.996642e-07	2.713280e+02	2.712939e+02	
2.029118e-07	2.688461e+02	2.688124e+02	
2.062122e-07	2.663866e+02	2.663532e+02	
2.095662e-07	2.639493e+02	2.639161e+02	
2.129749e-07	2.615340e+02	2.615010e+02	
2.164389e-07	2.591404e+02	2.591077e+02	
2.199593e-07	2.567684e+02	2.567360e+02	
2.235370e-07	2.544178e+02	2.543856e+02	
2.271728e-07	2.520884e+02	2.520565e+02	
2.308678e-07	2.497800e+02	2.497483e+02	
2.346229e-07	2.474924e+02	2.474610e+02	
2.384390e-07	2.452255e+02	2.451943e+02	
2.423173e-07	2.429790e+02	2.429481e+02	
2.462586e-07	2.407528e+02	2.407221e+02	
2.502640e-07	2.385466e+02	2.385162e+02	
2.543346e-07	2.363604e+02	2.363302e+02	
2.584714e-07	2.341939e+02	2.341640e+02	
2.626754e-07	2.320470e+02	2.320173e+02	
2.669478e-07	2.299194e+02	2.298899e+02	
2.712898e-07	2.278110e+02	2.277818e+02	
2.757023e-07	2.257217e+02	2.256927e+02	
2.801867e-07	2.236513e+02	2.236225e+02	
2.847439e-07	2.215995e+02	2.215710e+02	
2.893753e-07	2.195663e+02	2.195380e+02	
2.940820e-07	2.175515e+02	2.175234e+02	
2.988653e-07	2.155548e+02	2.155270e+02	
3.037264e-07	2.135762e+02	2.135486e+02	
3.086665e-07	2.116155e+02	2.115881e+02	
3.136870e-07	2.096725e+02	2.096453e+02	
3.187891e-07	2.077471e+02	2.077201e+02	
3.239743e-07	2.058390e+02	2.058122e+02	
3.292437e-07	2.039482e+02	2.039217e+02	
3.345989e-07	2.020745e+02	2.020482e+02	
3.400412e-07	2.002178e+02	2.001916e+02	
3.455720e-07	1.983778e+02	1.983519e+02	
3.511928e-07	1.965545e+02	1.965288e+02	
3.569049e-07	1.947477e+02	1.947222e+02	
3.627100e-07	1.929572e+02	1.929319e+02	
3.686095e-07	1.911829e+02	1.911578e+02	
3.746050e-07	1.894247e+02	1.893998e+02	
3.806980e-07	1.876824e+02	1.876577e+02	
3.868901e-07	1.859559e+02	1.859313e+02	
3.931829e-07	1.842450e+02	1.842206e+02	
3.995780e-07	1.825495e+02	1.825254e+02	
4.060772e-07	1.808695e+02	1.808455e+02	
4.126821e-07	1.792046e+02	1.791808e+02	
4.193944e-07	1.775548e+02	1.775312e+02	
4.262159e-07	1.759200e+02	1.758966e+02	
4.331483e-07	1.742999e+02	1.742767e+02	
4.401935e-07	1.726946e+02	1.726716e+02	
4.473533e-07	1.711038e+02	1.710809e+02	
4.546295e-07	1.695274e+02	1.695047e+02	
4.620241e-07	1.679653e+02	1.679428e+02	
4.695390e-07	1.664173e+02	1.663950e+02	
4.771761e-07	1.648834e+02	1.648613e+02	
4.849374e-07	1.633634e+02	1.633414e+02	
4.928250e-07	1.618571e+02	1.618354e+02	
5.008408e-07	1.603646e+02	1.603430e+02	
5.089870e-07	1.588855e+02	1.588641e+02	
5.172657e-07	1.574199e+02	1.573986e+02	
5.256791e-07	1.559676e+02	1.559465e+02	
5.342293e-07	1.545284e+02	1.545075e+02	
5.429186e-07	1.531023e+02	1.530815e+02	
5.517492e-07	1.516892e+02	1.516685e+02	
5.607235e-07	1.502888e+02	1.502684e+02	
5.698437e-07	1.489012e+02	1.488809e+02	
5.791123e-07	1.475262e+02	1.475061e+02	
5.885316e-07	1.461636e+02	1.461437e+02	
5.981041e-07	1.448135e+02	1.447937e+02	
6.078323e-07	1.434756e+02	1.434559e+02	
6.177188e-07	1.421498e+02	1.421303e+02	
6.277660e-07	1.408361e+02	1.408167e+02	
6.379767e-07	1.395343e+02	1.395151e+02	
6.483534e-07	1.382444e+02	1.382253e+02	
6.588990e-07	1.369661e+02	1.369472e+02	
6.696160e-07	1.356995e+02	1.356807e+02	
6.805074e-07	1.344444e+02	1.344258e+02	
6.915759e-07	1.332007e+02	1.331822e+02	
7.028244e-07	1.319683e+02	1.319500e+02	
7.142559e-07	1.307471e+02	1.307289e+02	
7.258734e-07	1.295370e+02	1.295190e+02	
7.376798e-07	1.283380e+02	1.283201e+02	
7.496782e-07	1.271498e+02	1.271320e+02	
7.618718e-07	1.259724e+02	1.259548e+02	
7.742637e-07	1.248058e+02	1.247883e+02	
7.868572e-07	1.236497e+02	1.236324e+02	
7.996555e-07	1.225042e+02	1.224870e+02	
8.126619e-07	1.213691e+02	1.213520e+02	
8.258799e-07	1.202444e+02	1.202274e+02	
8.393129e-07	1.191298e+02	1.191130e+02	
8.529644e-07	1.180255e+02	1.180088e+02	
8.668380e-07	1.169311e+02	1.169146e+02	
8.809372e-07	1.158468e+02	1.158304e+02	
8.952657e-07	1.147723e+02	1.147560e+02	
9.098273e-07	1.137076e+02	1.136915e+02	
9.246257e-07	1.126526e+02	1.126366e+02	
9.396648e-07	1.116073e+02	1.115913e+02	
9.549486e-07	1.105714e+02	1.105556e+02	
9.704809e-07	1.095450e+02	1.095293e+02	
9.862658e-07	1.085280e+02	1.085124e+02	
1.002308e-06	1.075202e+02	1.075047e+02	
1.018610e-06	1.065216e+02	1.065063e+02	
1.035178e-06	1.055321e+02	1.055169e+02	
1.052015e-06	1.045516e+02	1.045365e+02	
1.069126e-06	1.035801e+02	1.035651e+02	
1.086516e-06	1.026174e+02	1.026026e+02	
1.104188e-06	1.016636e+02	1.016488e+02	
1.122148e-06	1.007184e+02	1.007038e+02	
1.140400e-06	9.978185e+01	9.976734e+01	
1.158948e-06	9.885385e+01	9.883946e+01	
1.177799e-06	9.793432e+01	9.792004e+01	
1.196956e-06	9.702319e+01	9.700901e+01	
1.216424e-06	9.612038e+01	9.610631e+01	
1.236210e-06	9.522581e+01	9.521185e+01	
1.256317e-06	9.433941e+01	9.432555e+01	
1.276751e-06	9.346110e+01	9.344736e+01	
1.297517e-06	9.259082e+01	9.257718e+01	
1.318621e-06	9.172849e+01	9.171496e+01	
1.340069e-06	9.087405e+01	9.086061e+01	
1.361865e-06	9.002741e+01	9.001407e+01	
1.384016e-06	8.918850e+01	8.917528e+01	
1.406527e-06	8.835727e+01	8.834414e+01	
1.429405e-06	8.753364e+01	8.752061e+01	
1.452654e-06	8.671754e+01	8.670461e+01	
1.476281e-06	8.590890e+01	8.589607e+01	
1.500293e-06	8.510766e+01	8.509493e+01	
1.524696e-06	8.431375e+01	8.430111e+01	
1.549495e-06	8.352710e+01	8.351456e+01	
1.574698e-06	8.274765e+01	8.273520e+01	
1.600310e-06	8.197533e+01	8.196298e+01	
1.626340e-06	8.121008e+01	8.119783e+01	
1.652792e-06	8.045184e+01	8.043967e+01	
1.679675e-06	7.970054e+01	7.968847e+01	
1.706995e-06	7.895612e+01	7.894413e+01	
1.734759e-06	7.821851e+01	7.820662e+01	
1.762975e-06	7.748766e+01	7.747586e+01	
1.791650e-06	7.676351e+01	7.675180e+01	
1.820792e-06	7.604599e+01	7.603436e+01	
1.850407e-06	7.533505e+01	7.532351e+01	
1.880504e-06	7.463062e+01	7.461916e+01	
1.911091e-06	7.393264e+01	7.392128e+01	
1.942175e-06	7.324107e+01	7.322979e+01	
1.973764e-06	7.255583e+01	7.254464e+01	
2.005868e-06	7.187688e+01	7.186577e+01	
2.038493e-06	7.120416e+01	7.119313e+01	
2.071650e-06	7.053760e+01	7.052666e+01	
2.105345e-06	6.987717e+01	6.986630e+01	
2.139589e-06	6.922278e+01	6.921200e+01	
2.174389e-06	6.857441e+01	6.856370e+01	
2.209756e-06	6.793198e+01	6.792136e+01	
2.245698e-06	6.729545e+01	6.728491e+01	
2.282224e-06	6.666477e+01	6.665430e+01	
2.319345e-06	6.603987e+01	6.602948e+01	
2.357069e-06	6.542071e+01	6.541040e+01	
2.395407e-06	6.480724e+01	6.479700e+01	
2.434369e-06	6.419941e+01	6.418924e+01	
2.473964e-06	6.359716e+01	6.358707e+01	
2.514203e-06	6.300044e+01	6.299042e+01	
2.555097e-06	6.240920e+01	6.239926e+01	
2.596656e-06	6.182340e+01	6.181353e+01	
2.638891e-06	6.124298e+01	6.123319e+01	
2.681813e-06	6.066790e+01	6.065818e+01	
2.725433e-06	6.009811e+01	6.008846e+01	
2.769762e-06	5.953356e+01	5.952397e+01	
2.814812e-06	5.897420e+01	5.896468e+01	
2.860596e-06	5.841998e+01	5.841054e+01	
2.907123e-06	5.787086e+01	5.786149e+01	
2.954408e-06	5.732680e+01	5.731749e+01	
3.002462e-06	5.678774e+01	5.677850e+01	
3.051297e-06	5.625365e+01	5.624447e+01	
3.100927e-06	5.572447e+01	5.571536e+01	
3.151363e-06	5.520016e+01	5.519112e+01	
3.202621e-06	5.468068e+01	5.467171e+01	
3.254712e-06	5.416599e+01	5.415708e+01	
3.307650e-06	5.365604e+01	5.364719e+01	
3.361449e-06	5.315078e+01	5.314199e+01	
3.416123e-06	5.265018e+01	5.264146e+01	
3.471687e-06	5.215420e+01	5.214553e+01	
3.528154e-06	5.166278e+01	5.165418e+01	
3.585540e-06	5.117590e+01	5.116735e+01	
3.643859e-06	5.069350e+01	5.068502e+01	
3.703127e-06	5.021555e+01	5.020713e+01	
3.763358e-06	4.974201e+01	4.973365e+01	
3.824570e-06	4.927284e+01	4.926454e+01	
3.886777e-06	4.880799e+01	4.879975e+01	
3.949995e-06	4.834744e+01	4.833925e+01	
4.014242e-06	4.789113e+01	4.788301e+01	
4.079535e-06	4.743904e+01	4.743097e+01	
4.145888e-06	4.699112e+01	4.698311e+01	
4.213322e-06	4.654734e+01	4.653938e+01	
4.281852e-06	4.610765e+01	4.609974e+01	
4.351497e-06	4.567202e+01	4.566417e+01	
4.422274e-06	4.524042e+01	4.523263e+01	
4.494203e-06	4.481281e+01	4.480506e+01	
4.567301e-06	4.438914e+01	4.438145e+01	
4.641589e-06	4.396939e+01	4.396176e+01	
4.717085e-06	4.355352e+01	4.354594e+01	
4.793808e-06	4.314150e+01	4.313397e+01	
4.871780e-06	4.273328e+01	4.272580e+01	
4.951020e-06	4.232884e+01	4.232141e+01	
5.031549e-06	4.192814e+01	4.192077e+01	
5.113388e-06	4.153115e+01	4.152382e+01	
5.196557e-06	4.113783e+01	4.113055e+01	
5.281080e-06	4.074815e+01	4.074092e+01	
5.366977e-06	4.036207e+01	4.035489e+01	
5.454271e-06	3.997957e+01	3.997244e+01	
5.542986e-06	3.960061e+01	3.959353e+01	
5.633143e-06	3.922516e+01	3.921812e+01	
5.724766e-06	3.885319e+01	3.884620e+01	
5.817880e-06	3.848466e+01	3.847771e+01	
5.912508e-06	3.811954e+01	3.811264e+01	
6.008676e-06	3.775781e+01	3.775096e+01	
6.106408e-06	3.739943e+01	3.739262e+01	
6.205729e-06	3.704437e+01	3.703761e+01	
6.306666e-06	3.669261e+01	3.668589e+01	
6.409244e-06	3.634410e+01	3.633742e+01	
6.513491e-06	3.599883e+01	3.599219e+01	
6.619433e-06	3.565676e+01	3.565016e+01	
6.727099e-06	3.531786e+01	3.531131e+01	
6.836516e-06	3.498210e+01	3.497560e+01	
6.947713e-06	3.464946e+01	3.464300e+01	
7.060718e-06	3.431991e+01	3.431349e+01	
7.175561e-06	3.399342e+01	3.398704e+01	
7.292272e-06	3.366996e+01	3.366362e+01	
7.410882e-06	3.334950e+01	3.334320e+01	
7.531420e-06	3.303202e+01	3.302575e+01	
7.653919e-06	3.271748e+01	3.271126e+01	
7.778411e-06	3.240587e+01	3.239969e+01	
7.904928e-06	3.209716e+01	3.209101e+01	
8.033502e-06	3.179131e+01	3.178520e+01	
8.164168e-06	3.148831e+01	3.148224e+01	
8.296959e-06	3.118812e+01	3.118209e+01	
8.431909e-06	3.089072e+01	3.088473e+01	
8.569055e-06	3.059609e+01	3.059014e+01	
8.708431e-06	3.030420e+01	3.029828e+01	
8.850075e-06	3.001503e+01	3.000915e+01	
8.994022e-06	2.972855e+01	2.972270e+01	
9.140311e-06	2.944473e+01	2.943892e+01	
9.288979e-06	2.916356e+01	2.915778e+01	
9.440065e-06	2.888500e+01	2.887925e+01	
9.593608e-06	2.860903e+01	2.860332e+01	
9.749649e-06	2.833564e+01	2.832996e+01	
9.908228e-06	2.806479e+01	2.805915e+01	
1.006939e-05	2.779647e+01	2.779086e+01	
1.023317e-05	2.753064e+01	2.752507e+01	
1.039961e-05	2.726730e+01	2.726175e+01	
1.056876e-05	2.700641e+01	2.700089e+01	
1.074066e-05	2.674795e+01	2.674247e+01	
1.091536e-05	2.649190e+01	2.648645e+01	
1.109290e-05	2.623824e+01	2.623282e+01	
1.127333e-05	2.598694e+01	2.598155e+01	
1.145669e-05	2.573799e+01	2.573263e+01	
1.164303e-05	2.549136e+01	2.548603e+01	
1.183241e-05	2.524704e+01	2.524174e+01	
1.202486e-05	2.500499e+01	2.499972e+01	
1.222045e-05	2.476521e+01	2.475997e+01	
1.241921e-05	2.452766e+01	2.452245e+01	
1.262121e-05	2.429233e+01	2.428715e+01	
1.282650e-05	2.405920e+01	2.405405e+01	
1.303512e-05	2.382825e+01	2.382312e+01	
1.324714e-05	2.359946e+01	2.359436e+01	
1.346261e-05	2.337281e+01	2.336773e+01	
1.368158e-05	2.314827e+01	2.314322e+01	
1.390411e-05	2.292583e+01	2.292081e+01	
1.413026e-05	2.270548e+01	2.270049e+01	
1.436009e-05	2.248718e+01	2.248222e+01	
1.459366e-05	2.227093e+01	2.226599e+01	
1.483103e-05	2.205670e+01	2.205179e+01	
1.507225e-05	2.184448e+01	2.183959e+01	
1.531740e-05	2.163424e+01	2.162938e+01	
1.556654e-05	2.142597e+01	2.142113e+01	
1.581973e-05	2.121966e+01	2.121484e+01	
1.607704e-05	2.101527e+01	2.101048e+01	
1.633854e-05	2.081280e+01	2.080803e+01	
1.660429e-05	2.061222e+01	2.060748e+01	
1.687436e-05	2.041353e+01	2.040881e+01	
1.714882e-05	2.021670e+01	2.021200e+01	
1.742775e-05	2.002171e+01	2.001703e+01	
1.771121e-05	1.982855e+01	1.982390e+01	
1.799929e-05	1.963721e+01	1.963257e+01	
1.829205e-05	1.944766e+01	1.944304e+01	
1.858957e-05	1.925988e+01	1.925529e+01	
1.889193e-05	1.907387e+01	1.906930e+01	
1.919921e-05	1.888961e+01	1.888506e+01	
1.951148e-05	1.870707e+01	1.870254e+01	
1.982884e-05	1.852625e+01	1.852174e+01	
2.015136e-05	1.834713e+01	1.834264e+01	
2.047912e-05	1.816969e+01	1.816522e+01	
2.081222e-05	1.799392e+01	1.798947e+01	
2.115073e-05	1.781980e+01	1.781537e+01	
2.149475e-05	1.764731e+01	1.764290e+01	
2.184436e-05	1.747645e+01	1.747206e+01	
2.219966e-05	1.730719e+01	1.730282e+01	
2.256074e-05	1.713953e+01	1.713517e+01	
2.292769e-05	1.697344e+01	1.696910e+01	
2.330061e-05	1.680892e+01	1.680460e+01	
2.367960e-05	1.664594e+01	1.664164e+01	
2.406475e-05	1.648450e+01	1.648021e+01	
2.445617e-05	1.632458e+01	1.632031e+01	
2.485395e-05	1.616616e+01	1.616191e+01	
2.525820e-05	1.600924e+01	1.600500e+01	
2.566903e-05	1.585379e+01	1.584957e+01	
2.608654e-05	1.569981e+01	1.569561e+01	
2.651084e-05	1.554728e+01	1.554309e+01	
2.694204e-05	1.539619e+01	1.539202e+01	
2.738025e-05	1.524652e+01	1.524236e+01	
2.782559e-05	1.509826e+01	1.509412e+01	
2.827818e-05	1.495140e+01	1.494728e+01	
2.873813e-05	1.480593e+01	1.480182e+01	
2.920556e-05	1.466183e+01	1.465774e+01	
2.968059e-05	1.451909e+01	1.451501e+01	
3.016334e-05	1.437770e+01	1.437363e+01	
3.065395e-05	1.423764e+01	1.423359e+01	
3.115254e-05	1.409891e+01	1.409487e+01	
3.165924e-05	1.396149e+01	1.395746e+01	
3.217418e-05	1.382536e+01	1.382134e+01	
3.269750e-05	1.369052e+01	1.368652e+01	
3.322933e-05	1.355696e+01	1.355297e+01	
3.376980e-05	1.342465e+01	1.342068e+01	
3.431907e-05	1.329360e+01	1.328964e+01	
3.487727e-05	1.316379e+01	1.315984e+01	
3.544456e-05	1.303521e+01	1.303127e+01	
3.602107e-05	1.290784e+01	1.290391e+01	
3.660695e-05	1.278168e+01	1.277776e+01	
3.720237e-05	1.265672e+01	1.265281e+01	
3.780747e-05	1.253293e+01	1.252904e+01	
3.842241e-05	1.241032e+01	1.240644e+01	
3.904735e-05	1.228887e+01	1.228500e+01	
3.968246e-05	1.216857e+01	1.216471e+01	
4.032790e-05	1.204942e+01	1.204556e+01	
4.098384e-05	1.193139e+01	1.192754e+01	
4.165044e-05	1.181448e+01	1.181064e+01	
4.232789e-05	1.169868e+01	1.169485e+01	
4.301636e-05	1.158397e+01	1.158015e+01	
4.371602e-05	1.147036e+01	1.146655e+01	
4.442707e-05	1.135782e+01	1.135402e+01	
4.514968e-05	1.124636e+01	1.124256e+01	
4.588404e-05	1.113595e+01	1.113216e+01	
4.663035e-05	1.102658e+01	1.102281e+01	
4.738880e-05	1.091826e+01	1.091449e+01	
4.815958e-05	1.081097e+01	1.080721e+01	
4.894290e-05	1.070470e+01	1.070094e+01	
4.973896e-05	1.059943e+01	1.059569e+01	
5.054797e-05	1.049517e+01	1.049143e+01	
5.137014e-05	1.039190e+01	1.038817e+01	
5.220568e-05	1.028961e+01	1.028588e+01	
5.305481e-05	1.018829e+01	1.018457e+01	
5.391775e-05	1.008794e+01	1.008423e+01	
5.479472e-05	9.988546e+00	9.984839e+00	
5.568596e-05	9.890096e+00	9.886395e+00	
5.659170e-05	9.792584e+00	9.788888e+00	
5.751217e-05	9.696000e+00	9.692310e+00	
5.844761e-05	9.600337e+00	9.596652e+00	
5.939827e-05	9.505586e+00	9.501906e+00	
6.036439e-05	9.411737e+00	9.408062e+00	
6.134622e-05	9.318783e+00	9.315113e+00	
6.234402e-05	9.226716e+00	9.223050e+00	
6.335805e-05	9.135527e+00	9.131866e+00	
6.438857e-05	9.045208e+00	9.041551e+00	
6.543586e-05	8.955751e+00	8.952098e+00	
6.650018e-05	8.867148e+00	8.863499e+00	
6.758181e-05	8.779391e+00	8.775745e+00	
6.868104e-05	8.692472e+00	8.688830e+00	
6.979814e-05	8.606384e+00	8.602744e+00	
7.093341e-05	8.521118e+00	8.517481e+00	
7.208715e-05	8.436667e+00	8.433033e+00	
7.325965e-05	8.353023e+00	8.349392e+00	
7.445123e-05	8.270179e+00	8.266551e+00	
7.566219e-05	8.188128e+00	8.184502e+00	
7.689284e-05	8.106861e+00	8.103237e+00	
7.814351e-05	8.026372e+00	8.022751e+00	
7.941452e-05	7.946654e+00	7.943034e+00	
8.070620e-05	7.867699e+00	7.864081e+00	
8.201889e-05	7.789500e+00	7.785883e+00	
8.335294e-05	7.712105e+00	7.708435e+00	
8.470868e-05	7.635343e+00	7.631728e+00	
8.608648e-05	7.559370e+00	7.555756e+00	
8.748668e-05	7.484126e+00	7.480513e+00	
8.890966e-05	7.409603e+00	7.405990e+00	
9.035578e-05	7.335795e+00	7.332183e+00	
9.182543e-05	7.262695e+00	7.259083e+00	
9.331898e-05	7.190297e+00	7.186685e+00	
9.483682e-05	7.118594e+00	7.114981e+00	
9.637935e-05	7.047579e+00	7.043966e+00	
9.794697e-05	6.977246e+00	6.973633e+00	
9.954008e-05	6.907589e+00	6.903975e+00	
1.011591e-04	6.838601e+00	6.834986e+00	
1.028045e-04	6.770276e+00	6.766660e+00	
1.044766e-04	6.702608e+00	6.698991e+00	
1.061759e-04	6.635591e+00	6.631973e+00	
1.079029e-04	6.569218e+00	6.565598e+00	
1.096579e-04	6.503484e+00	6.499863e+00	
1.114415e-04	6.438383e+00	6.434760e+00	
1.132541e-04	6.373908e+00	6.370283e+00	
1.150962e-04	6.310054e+00	6.306427e+00	
1.169683e-04	6.246816e+00	6.243186e+00	
1.188708e-04	6.184187e+00	6.180554e+00	
1.208042e-04	6.122161e+00	6.118526e+00	
1.227691e-04	6.060733e+00	6.057095e+00	
1.247660e-04	5.999898e+00	5.996257e+00	
1.267953e-04	5.939649e+00	5.936005e+00	
1.288576e-04	5.879982e+00	5.876334e+00	
1.309535e-04	5.820890e+00	5.817239e+00	
1.330835e-04	5.762369e+00	5.758714e+00	
1.352481e-04	5.704413e+00	5.700754e+00	
1.374479e-04	5.647017e+00	5.643354e+00	
1.396835e-04	5.590175e+00	5.586508e+00	
1.419555e-04	5.533882e+00	5.530211e+00	
1.442644e-04	5.478134e+00	5.474458e+00	
1.466109e-04	5.422925e+00	5.419244e+00	
1.489955e-04	5.368250e+00	5.364564e+00	
1.514189e-04	5.314103e+00	5.310413e+00	
1.538818e-04	5.260481e+00	5.256786e+00	
1.563847e-04	5.207378e+00	5.203677e+00	
1.589283e-04	5.154789e+00	5.151083e+00	
1.615133e-04	5.102710e+00	5.098998e+00	
1.641403e-04	5.051135e+00	5.047417e+00	
1.668101e-04	5.000099e+00	4.996336e+00	
1.695232e-04	4.949480e+00	4.945750e+00	
1.722805e-04	4.899391e+00	4.895654e+00	
1.750827e-04	4.849787e+00	4.846044e+00	
1.779304e-04	4.800665e+00	4.796916e+00	
1.808245e-04	4.752020e+00	4.748264e+00	
1.837656e-04	4.703847e+00	4.700083e+00	
1.867546e-04	4.656142e+00	4.652371e+00	
1.897922e-04	4.608900e+00	4.605122e+00	
1.928792e-04	4.562117e+00	4.558332e+00	
1.960163e-04	4.515789e+00	4.511997e+00	
1.992046e-04	4.469912e+00	4.466111e+00	
2.024447e-04	4.424480e+00	4.420672e+00	
2.057374e-04	4.379491e+00	4.375675e+00	
2.090838e-04	4.334940e+00	4.331115e+00	
2.124845e-04	4.290822e+00	4.286989e+00	
2.159406e-04	4.247134e+00	4.243293e+00	
2.194529e-04	4.203872e+00	4.200022e+00	
2.230223e-04	4.161031e+00	4.157172e+00	
2.266498e-04	4.118608e+00	4.114740e+00	
2.303363e-04	4.076598e+00	4.072721e+00	
2.340827e-04	4.034998e+00	4.031112e+00	
2.378901e-04	3.993804e+00	3.989908e+00	
2.417594e-04	3.953012e+00	3.949107e+00	
2.456916e-04	3.912618e+00	3.908703e+00	
2.496878e-04	3.872619e+00	3.868694e+00	
2.537490e-04	3.833011e+00	3.829075e+00	
2.578763e-04	3.793789e+00	3.789844e+00	
2.620707e-04	3.754951e+00	3.750995e+00	
2.663333e-04	3.716493e+00	3.712526e+00	
2.706652e-04	3.678411e+00	3.674434e+00	
2.750676e-04	3.640701e+00	3.636713e+00	
2.795416e-04	3.603361e+00	3.599362e+00	
2.840884e-04	3.566386e+00	3.562376e+00	
2.887091e-04	3.529773e+00	3.525752e+00	
2.934050e-04	3.493519e+00	3.489486e+00	
2.981772e-04	3.457620e+00	3.453576e+00	
3.030271e-04	3.422074e+00	3.418017e+00	
3.079559e-04	3.386876e+00	3.382807e+00	
3.129648e-04	3.352023e+00	3.347942e+00	
3.180552e-04	3.317512e+00	3.313419e+00	
3.232284e-04	3.283340e+00	3.279235e+00	
3.284857e-04	3.249503e+00	3.245386e+00	
3.338286e-04	3.216027e+00	3.211869e+00	
3.392583e-04	3.182825e+00	3.178682e+00	
3.447764e-04	3.149976e+00	3.145820e+00	
3.503842e-04	3.117450e+00	3.113281e+00	
3.560833e-04	3.085245e+00	3.081062e+00	
3.618750e-04	3.053356e+00	3.049160e+00	
3.677609e-04	3.021781e+00	3.017571e+00	
3.737426e-04	2.990517e+00	2.986293e+00	
3.798215e-04	2.959561e+00	2.955323e+00	
3.859994e-04	2.928910e+00	2.924658e+00	
3.922777e-04	2.898561e+00	2.894295e+00	
3.986581e-04	2.868511e+00	2.864231e+00	
4.051423e-04	2.838758e+00	2.834463e+00	
4.117320e-04	2.809298e+00	2.804989e+00	
4.184289e-04	2.780130e+00	2.775805e+00	
4.252346e-04	2.751249e+00	2.746910e+00	
4.321511e-04	2.722653e+00	2.718299e+00	
4.391801e-04	2.694340e+00	2.689971e+00	
4.463234e-04	2.666307e+00	2.661922e+00	
4.535829e-04	2.638552e+00	2.634151e+00	
4.609604e-04	2.611070e+00	2.606654e+00	
4.684580e-04	2.583861e+00	2.579429e+00	
4.760775e-04	2.556921e+00	2.552473e+00	
4.838210e-04	2.530248e+00	2.525784e+00	
4.916904e-04	2.503839e+00	2.499359e+00	
4.996877e-04	2.477692e+00	2.473195e+00	
5.078152e-04	2.451804e+00	2.447290e+00	
5.160749e-04	2.426173e+00	2.421642e+00	
5.244689e-04	2.400796e+00	2.396249e+00	
5.329994e-04	2.375671e+00	2.371107e+00	
5.416687e-04	2.350796e+00	2.346214e+00	
5.504790e-04	2.326168e+00	2.321568e+00	
5.594326e-04	2.301784e+00	2.297167e+00	
5.685318e-04	2.277643e+00	2.273008e+00	
5.777790e-04	2.253742e+00	2.249089e+00	
5.871766e-04	2.230078e+00	2.225408e+00	
5.967271e-04	2.206650e+00	2.201962e+00	
6.064329e-04	2.183456e+00	2.178749e+00	
6.162966e-04	2.160492e+00	2.155767e+00	
6.263207e-04	2.137757e+00	2.133013e+00	
6.365079e-04	2.115249e+00	2.110486e+00	
6.468608e-04	2.092965e+00	2.088184e+00	
6.573820e-04	2.070904e+00	2.066103e+00	
6.680744e-04	2.049082e+00	2.044243e+00	
6.789407e-04	2.027461e+00	2.022600e+00	
6.899837e-04	2.006032e+00	2.001173e+00	
7.012064e-04	1.984839e+00	1.979960e+00	
7.126115e-04	1.963857e+00	1.958959e+00	
7.242022e-04	1.943085e+00	1.938167e+00	
7.359814e-04	1.922521e+00	1.917583e+00	
7.479523e-04	1.902163e+00	1.897205e+00	
7.601178e-04	1.882009e+00	1.877030e+00	
7.724811e-04	1.862056e+00	1.857057e+00	
7.850456e-04	1.842304e+00	1.837284e+00	
7.978145e-04	1.822749e+00	1.817708e+00	
8.107910e-04	1.803391e+00	1.798329e+00	
8.239786e-04	1.784227e+00	1.779144e+00	
8.373807e-04	1.765255e+00	1.760150e+00	
8.510007e-04	1.746474e+00	1.741348e+00	
8.648423e-04	1.727881e+00	1.722733e+00	
8.789091e-04	1.709475e+00	1.704306e+00	
8.932046e-04	1.691256e+00	1.686063e+00	
9.077327e-04	1.673217e+00	1.668004e+00	
9.224970e-04	1.655361e+00	1.650126e+00	
9.375015e-04	1.637685e+00	1.632427e+00	
9.527500e-04	1.620187e+00	1.614906e+00	
9.682466e-04	1.602865e+00	1.597562e+00	
9.839952e-04	1.585717e+00	1.580392e+00	
1.000000e-03	1.568743e+00	1.563394e+00	
