1.000000e-02  7.863531e+00  7.865648e+00  
1.047371e-02  7.644454e+00  7.646562e+00  
1.096986e-02  7.431288e+00  7.433384e+00  
1.148951e-02  7.223873e+00  7.225957e+00  
1.203378e-02  7.022051e+00  7.024130e+00  
1.260383e-02  6.825698e+00  6.827756e+00  
1.320088e-02  6.634643e+00  6.636691e+00  
1.382622e-02  6.448751e+00  6.450794e+00  
1.448118e-02  6.267899e+00  6.269929e+00  
1.516717e-02  6.091953e+00  6.093964e+00  
1.588565e-02  5.920771e+00  5.922768e+00  
1.663817e-02  5.754233e+00  5.756216e+00  
1.742633e-02  5.592215e+00  5.594184e+00  
1.825183e-02  5.434604e+00  5.436553e+00  
1.911644e-02  5.281276e+00  5.283207e+00  
2.002200e-02  5.132116e+00  5.134031e+00  
2.097046e-02  4.987020e+00  4.988916e+00  
2.196385e-02  4.845878e+00  4.847753e+00  
2.300430e-02  4.708585e+00  4.710439e+00  
2.409404e-02  4.575033e+00  4.576869e+00  
2.523539e-02  4.445138e+00  4.446946e+00  
2.643081e-02  4.318787e+00  4.320572e+00  
2.768287e-02  4.195887e+00  4.197652e+00  
2.899423e-02  4.076357e+00  4.078096e+00  
3.036771e-02  3.960105e+00  3.961812e+00  
3.180626e-02  3.847036e+00  3.848715e+00  
3.331295e-02  3.737071e+00  3.738719e+00  
3.489101e-02  3.630122e+00  3.631741e+00  
3.654383e-02  3.526118e+00  3.527701e+00  
3.827494e-02  3.424972e+00  3.426521e+00  
4.008806e-02  3.326610e+00  3.328124e+00  
4.198707e-02  3.230959e+00  3.232435e+00  
4.397604e-02  3.137946e+00  3.139383e+00  
4.605922e-02  3.047502e+00  3.048897e+00  
4.824109e-02  2.959553e+00  2.960907e+00  
5.052631e-02  2.874043e+00  2.875348e+00  
5.291979e-02  2.790894e+00  2.792154e+00  
5.542665e-02  2.710047e+00  2.711262e+00  
5.805226e-02  2.631444e+00  2.632609e+00  
6.080224e-02  2.555027e+00  2.556136e+00  
6.368250e-02  2.480730e+00  2.481784e+00  
6.669920e-02  2.408499e+00  2.409496e+00  
6.985880e-02  2.338277e+00  2.339217e+00  
7.316807e-02  2.270015e+00  2.270892e+00  
7.663411e-02  2.203657e+00  2.204469e+00  
8.026434e-02  2.139150e+00  2.139896e+00  
8.406653e-02  2.076448e+00  2.077125e+00  
8.804884e-02  2.015498e+00  2.016105e+00  
9.221979e-02  1.956254e+00  1.956790e+00  
9.658832e-02  1.898678e+00  1.899134e+00  
1.011638e-01  1.842718e+00  1.843092e+00  
1.059560e-01  1.788327e+00  1.788620e+00  
1.109752e-01  1.735465e+00  1.735676e+00  
1.162322e-01  1.684101e+00  1.684218e+00  
1.217383e-01  1.634174e+00  1.634206e+00  
1.275051e-01  1.585658e+00  1.585600e+00  
1.335452e-01  1.538525e+00  1.538364e+00  
1.398713e-01  1.492718e+00  1.492459e+00  
1.464971e-01  1.448212e+00  1.447848e+00  
1.534368e-01  1.404970e+00  1.404498e+00  
1.607053e-01  1.362953e+00  1.362374e+00  
1.683180e-01  1.322135e+00  1.321442e+00  
1.762914e-01  1.282476e+00  1.281670e+00  
1.846425e-01  1.243950e+00  1.243025e+00  
1.933892e-01  1.206528e+00  1.205479e+00  
2.025502e-01  1.170177e+00  1.168999e+00  
2.121452e-01  1.134865e+00  1.133558e+00  
2.221947e-01  1.100569e+00  1.099126e+00  
2.327202e-01  1.067257e+00  1.065677e+00  
2.437444e-01  1.034899e+00  1.033182e+00  
2.552908e-01  1.003474e+00  1.001617e+00  
2.673842e-01  9.729596e-01  9.709552e-01  
2.800504e-01  9.433310e-01  9.411721e-01  
2.933166e-01  9.145534e-01  9.122435e-01  
3.072113e-01  8.866133e-01  8.841459e-01  
3.217642e-01  8.594858e-01  8.568565e-01  
3.370064e-01  8.331523e-01  8.303529e-01  
3.529707e-01  8.075798e-01  8.046135e-01  
3.696913e-01  7.827552e-01  7.796172e-01  
3.872039e-01  7.586588e-01  7.553434e-01  
4.055461e-01  7.352634e-01  7.317723e-01  
4.247572e-01  7.125588e-01  7.088843e-01  
4.448783e-01  6.905055e-01  6.866605e-01  
4.659526e-01  6.691159e-01  6.650825e-01  
4.880252e-01  6.483588e-01  6.441324e-01  
5.111433e-01  6.282163e-01  6.237928e-01  
5.353567e-01  6.086708e-01  6.040467e-01  
5.607170e-01  5.897031e-01  5.848776e-01  
5.872787e-01  5.713010e-01  5.662694e-01  
6.150986e-01  5.534430e-01  5.482064e-01  
6.442364e-01  5.361229e-01  5.306736e-01  
6.747544e-01  5.193208e-01  5.136560e-01  
7.067181e-01  5.030203e-01  4.971393e-01  
7.401960e-01  4.872061e-01  4.811095e-01  
7.752597e-01  4.718673e-01  4.655529e-01  
8.119845e-01  4.569927e-01  4.504563e-01  
8.504489e-01  4.425680e-01  4.358068e-01  
8.907355e-01  4.285782e-01  4.215918e-01  
9.329304e-01  4.150117e-01  4.077990e-01  
9.771242e-01  4.018579e-01  3.944167e-01  
1.023411e+00  3.891048e-01  3.814333e-01  
1.071891e+00  3.767444e-01  3.688375e-01  
1.122668e+00  3.647566e-01  3.566183e-01  
1.175850e+00  3.531332e-01  3.447652e-01  
1.231551e+00  3.418655e-01  3.332677e-01  
1.289890e+00  3.309455e-01  3.221159e-01  
1.350994e+00  3.203629e-01  3.112999e-01  
1.414991e+00  3.101048e-01  3.008102e-01  
1.482021e+00  3.001609e-01  2.906374e-01  
1.552225e+00  2.905241e-01  2.807727e-01  
1.625756e+00  2.811868e-01  2.712073e-01  
1.702769e+00  2.721393e-01  2.619325e-01  
1.783431e+00  2.633713e-01  2.529401e-01  
1.867914e+00  2.548752e-01  2.442221e-01  
1.956398e+00  2.466439e-01  2.357706e-01  
2.049075e+00  2.386722e-01  2.275780e-01  
2.146141e+00  2.309458e-01  2.196368e-01  
2.247806e+00  2.234600e-01  2.119398e-01  
2.354286e+00  2.162062e-01  2.044801e-01  
2.465811e+00  2.091786e-01  1.972507e-01  
2.582619e+00  2.023720e-01  1.902451e-01  
2.704960e+00  1.957794e-01  1.834568e-01  
2.833096e+00  1.893921e-01  1.768795e-01  
2.967302e+00  1.832030e-01  1.705071e-01  
3.107866e+00  1.772075e-01  1.643337e-01  
3.255089e+00  1.714005e-01  1.583535e-01  
3.409285e+00  1.657756e-01  1.525610e-01  
3.570786e+00  1.603258e-01  1.469505e-01  
3.739937e+00  1.550460e-01  1.415170e-01  
3.917101e+00  1.499347e-01  1.362551e-01  
4.102658e+00  1.449792e-01  1.311599e-01  
4.297005e+00  1.401790e-01  1.262265e-01  
4.500558e+00  1.355282e-01  1.214502e-01  
4.713753e+00  1.310210e-01  1.168264e-01  
4.937048e+00  1.266536e-01  1.123506e-01  
5.170920e+00  1.224226e-01  1.080184e-01  
5.415871e+00  1.183236e-01  1.038256e-01  
5.672426e+00  1.143510e-01  9.976809e-02  
5.941134e+00  1.105000e-01  9.584190e-02  
6.222571e+00  1.067675e-01  9.204314e-02  
6.517340e+00  1.031507e-01  8.836802e-02  
6.826072e+00  9.964531e-02  8.481288e-02  
7.149429e+00  9.624948e-02  8.137415e-02  
7.488104e+00  9.295510e-02  7.804836e-02  
7.842822e+00  8.976064e-02  7.483215e-02  
8.214344e+00  8.666372e-02  7.172225e-02  
8.603464e+00  8.366165e-02  6.871547e-02  
9.011018e+00  8.075064e-02  6.580872e-02  
9.437878e+00  7.792708e-02  6.299900e-02  
9.884959e+00  7.518868e-02  6.028339e-02  
1.035322e+01  7.253359e-02  5.765906e-02  
1.084366e+01  6.995936e-02  5.512325e-02  
1.135733e+01  6.746249e-02  5.267328e-02  
1.189534e+01  6.504003e-02  5.030656e-02  
1.245883e+01  6.269030e-02  4.802055e-02  
1.304902e+01  6.041175e-02  4.581281e-02  
1.366716e+01  5.820321e-02  4.368095e-02  
1.431459e+01  5.606021e-02  4.162265e-02  
1.499268e+01  5.398136e-02  3.963566e-02  
1.570290e+01  5.196463e-02  3.771780e-02  
1.644676e+01  5.000882e-02  3.586694e-02  
1.722586e+01  4.811267e-02  3.408102e-02  
1.804186e+01  4.627410e-02  3.235804e-02  
1.889652e+01  4.449092e-02  3.069606e-02  
1.979167e+01  4.276185e-02  2.909318e-02  
2.072922e+01  4.108604e-02  2.754758e-02  
2.171118e+01  3.946238e-02  2.605746e-02  
2.273966e+01  3.788905e-02  2.462110e-02  
2.381686e+01  3.636415e-02  2.323683e-02  
2.494508e+01  3.488818e-02  2.190300e-02  
2.612675e+01  3.345732e-02  2.061803e-02  
2.736440e+01  3.207211e-02  1.938040e-02  
2.866068e+01  3.073169e-02  1.818860e-02  
3.001836e+01  2.943453e-02  1.704118e-02  
3.144035e+01  2.817915e-02  1.593674e-02  
3.292971e+01  2.696490e-02  1.487392e-02  
3.448962e+01  2.579129e-02  1.385138e-02  
3.612343e+01  2.465735e-02  1.286783e-02  
3.783463e+01  2.356169e-02  1.192204e-02  
3.962689e+01  2.250322e-02  1.101279e-02  
4.150405e+01  2.148150e-02  1.013890e-02  
4.347013e+01  2.049865e-02  9.299226e-03  
4.552935e+01  1.954819e-02  8.492664e-03  
4.768612e+01  1.863216e-02  7.718137e-03  
4.994505e+01  1.774956e-02  6.974602e-03  
5.231099e+01  1.689941e-02  6.261046e-03  
5.478901e+01  1.608108e-02  5.576486e-03  
5.738442e+01  1.529409e-02  4.919970e-03  
6.010277e+01  1.453775e-02  4.290572e-03  
6.294989e+01  1.381105e-02  3.687396e-03  
6.593188e+01  1.311296e-02  3.109571e-03  
6.905514e+01  1.244293e-02  2.556252e-03  
7.232634e+01  1.180053e-02  2.026622e-03  
7.575250e+01  1.118500e-02  1.519885e-03  
7.934097e+01  1.059535e-02  1.035272e-03  
8.309942e+01  1.003069e-02  5.720356e-04  
8.703591e+01  9.490498e-03  1.294511e-04  
9.115888e+01  8.974243e-03  -2.931837e-04  
9.547716e+01  8.481198e-03  -6.965501e-04  
1.000000e+02  8.010516e-03  -1.081308e-03  
