1.000000e-05	2.136445e+02	1.963000e+02	2.161700e+02
1.011591e-05	2.126770e+02	1.954320e+02	2.152095e+02
1.023317e-05	2.117138e+02	1.945678e+02	2.142517e+02
1.035178e-05	2.107549e+02	1.937075e+02	2.132966e+02
1.047177e-05	2.098003e+02	1.928508e+02	2.123443e+02
1.059315e-05	2.088498e+02	1.919980e+02	2.113947e+02
1.071593e-05	2.079037e+02	1.911488e+02	2.104480e+02
1.084014e-05	2.069617e+02	1.903034e+02	2.095040e+02
1.096579e-05	2.060239e+02	1.894617e+02	2.085629e+02
1.109290e-05	2.050902e+02	1.886236e+02	2.076246e+02
1.122148e-05	2.041607e+02	1.877892e+02	2.066892e+02
1.135155e-05	2.032353e+02	1.869585e+02	2.057566e+02
1.148312e-05	2.023140e+02	1.861313e+02	2.048269e+02
1.161623e-05	2.013969e+02	1.853078e+02	2.039005e+02
1.175087e-05	2.004837e+02	1.844879e+02	2.029771e+02
1.188708e-05	1.995746e+02	1.836715e+02	2.020566e+02
1.202486e-05	1.986696e+02	1.828587e+02	2.011388e+02
1.216424e-05	1.977685e+02	1.820495e+02	2.002239e+02
1.230524e-05	1.968714e+02	1.812437e+02	1.993119e+02
1.244787e-05	1.959783e+02	1.804415e+02	1.984029e+02
1.259216e-05	1.950891e+02	1.796427e+02	1.974969e+02
1.273811e-05	1.942039e+02	1.788474e+02	1.965938e+02
1.288576e-05	1.933225e+02	1.780556e+02	1.956939e+02
1.303512e-05	1.924451e+02	1.772672e+02	1.947970e+02
1.318621e-05	1.915715e+02	1.764822e+02	1.939032e+02
1.333906e-05	1.907018e+02	1.757007e+02	1.930125e+02
1.349367e-05	1.898359e+02	1.749225e+02	1.921219e+02
1.365008e-05	1.889738e+02	1.741477e+02	1.912355e+02
1.380830e-05	1.881156e+02	1.733762e+02	1.903532e+02
1.396835e-05	1.872611e+02	1.726081e+02	1.894748e+02
1.413026e-05	1.864103e+02	1.718433e+02	1.886001e+02
1.429405e-05	1.855633e+02	1.710818e+02	1.877291e+02
1.445973e-05	1.847201e+02	1.703236e+02	1.868617e+02
1.462733e-05	1.838805e+02	1.695687e+02	1.859978e+02
1.479688e-05	1.830447e+02	1.688170e+02	1.851373e+02
1.496839e-05	1.822125e+02	1.680686e+02	1.842801e+02
1.514189e-05	1.813839e+02	1.673234e+02	1.834262e+02
1.531740e-05	1.805590e+02	1.665814e+02	1.825756e+02
1.549495e-05	1.797377e+02	1.658426e+02	1.817303e+02
1.567455e-05	1.789200e+02	1.651070e+02	1.808891e+02
1.585624e-05	1.781059e+02	1.643745e+02	1.800500e+02
1.604003e-05	1.772954e+02	1.636452e+02	1.792132e+02
1.622595e-05	1.764884e+02	1.629191e+02	1.783789e+02
1.641403e-05	1.756850e+02	1.621960e+02	1.775473e+02
1.660429e-05	1.748850e+02	1.614761e+02	1.767185e+02
1.679675e-05	1.740886e+02	1.607592e+02	1.758927e+02
1.699144e-05	1.732957e+02	1.600455e+02	1.750701e+02
1.718839e-05	1.725062e+02	1.593348e+02	1.742507e+02
1.738762e-05	1.717201e+02	1.586271e+02	1.734347e+02
1.758917e-05	1.709375e+02	1.579224e+02	1.726222e+02
1.779304e-05	1.701583e+02	1.572208e+02	1.718133e+02
1.799929e-05	1.693825e+02	1.565222e+02	1.710079e+02
1.820792e-05	1.686101e+02	1.558265e+02	1.702063e+02
1.841897e-05	1.678411e+02	1.551339e+02	1.694086e+02
1.863246e-05	1.670754e+02	1.544441e+02	1.686149e+02
1.884843e-05	1.663130e+02	1.537574e+02	1.678253e+02
1.906691e-05	1.655540e+02	1.530735e+02	1.670397e+02
1.928792e-05	1.647982e+02	1.523926e+02	1.662582e+02
1.951148e-05	1.640458e+02	1.517146e+02	1.654809e+02
1.973764e-05	1.632966e+02	1.510394e+02	1.647077e+02
1.996642e-05	1.625507e+02	1.503671e+02	1.639386e+02
2.019786e-05	1.618080e+02	1.496977e+02	1.631737e+02
2.043197e-05	1.610685e+02	1.490312e+02	1.624130e+02
2.066880e-05	1.603323e+02	1.483674e+02	1.616563e+02
2.090838e-05	1.595992e+02	1.477065e+02	1.609038e+02
2.115073e-05	1.588693e+02	1.470484e+02	1.601555e+02
2.139589e-05	1.581426e+02	1.463930e+02	1.594113e+02
2.164389e-05	1.574190e+02	1.457405e+02	1.586713e+02
2.189477e-05	1.566986e+02	1.450907e+02	1.579353e+02
2.214855e-05	1.559813e+02	1.444437e+02	1.572035e+02
2.240528e-05	1.552671e+02	1.437994e+02	1.564756e+02
2.266498e-05	1.545559e+02	1.431578e+02	1.557518e+02
2.292769e-05	1.538479e+02	1.425189e+02	1.550319e+02
2.319345e-05	1.531429e+02	1.418828e+02	1.543159e+02
2.346229e-05	1.524410e+02	1.412493e+02	1.536037e+02
2.373424e-05	1.517420e+02	1.406185e+02	1.528957e+02
2.400935e-05	1.510462e+02	1.399904e+02	1.521952e+02
2.428764e-05	1.503533e+02	1.393649e+02	1.514969e+02
2.456916e-05	1.496634e+02	1.387421e+02	1.508012e+02
2.485395e-05	1.489765e+02	1.381219e+02	1.501080e+02
2.514203e-05	1.482925e+02	1.375043e+02	1.494177e+02
2.543346e-05	1.476116e+02	1.368893e+02	1.487302e+02
2.572826e-05	1.469335e+02	1.362768e+02	1.480457e+02
2.602648e-05	1.462584e+02	1.356670e+02	1.473643e+02
2.632815e-05	1.455861e+02	1.350598e+02	1.466859e+02
2.663333e-05	1.449168e+02	1.344550e+02	1.460107e+02
2.694204e-05	1.442504e+02	1.338529e+02	1.453386e+02
2.725433e-05	1.435868e+02	1.332533e+02	1.446696e+02
2.757023e-05	1.429261e+02	1.326562e+02	1.439929e+02
2.788980e-05	1.422682e+02	1.320616e+02	1.433165e+02
2.821308e-05	1.416132e+02	1.314695e+02	1.426483e+02
2.854010e-05	1.409610e+02	1.308799e+02	1.419872e+02
2.887091e-05	1.403116e+02	1.302927e+02	1.413325e+02
2.920556e-05	1.396650e+02	1.297081e+02	1.406832e+02
2.954408e-05	1.390212e+02	1.291259e+02	1.400386e+02
2.988653e-05	1.383801e+02	1.285461e+02	1.393981e+02
3.023295e-05	1.377418e+02	1.279688e+02	1.387610e+02
3.058338e-05	1.371063e+02	1.273939e+02	1.381269e+02
3.093788e-05	1.364735e+02	1.268214e+02	1.374953e+02
3.129648e-05	1.358434e+02	1.262513e+02	1.368657e+02
3.165924e-05	1.352160e+02	1.256836e+02	1.362400e+02
3.202621e-05	1.345913e+02	1.251183e+02	1.356310e+02
3.239743e-05	1.339693e+02	1.245553e+02	1.350173e+02
3.277295e-05	1.333499e+02	1.239947e+02	1.343999e+02
3.315282e-05	1.327333e+02	1.234364e+02	1.337794e+02
3.353710e-05	1.321192e+02	1.228805e+02	1.331566e+02
3.392583e-05	1.315078e+02	1.223269e+02	1.325323e+02
3.431907e-05	1.308991e+02	1.217757e+02	1.319070e+02
3.471687e-05	1.302929e+02	1.212267e+02	1.312815e+02
3.511928e-05	1.296894e+02	1.206800e+02	1.306562e+02
3.552635e-05	1.290884e+02	1.201356e+02	1.300317e+02
3.593814e-05	1.284900e+02	1.195935e+02	1.294085e+02
3.635470e-05	1.278942e+02	1.190537e+02	1.287869e+02
3.677609e-05	1.273009e+02	1.185161e+02	1.281678e+02
3.720237e-05	1.267102e+02	1.179807e+02	1.275512e+02
3.763358e-05	1.261220e+02	1.174476e+02	1.269371e+02
3.806980e-05	1.255363e+02	1.169167e+02	1.263260e+02
3.851107e-05	1.249531e+02	1.163880e+02	1.257179e+02
3.895746e-05	1.243724e+02	1.158615e+02	1.251133e+02
3.940902e-05	1.237942e+02	1.153372e+02	1.245123e+02
3.986581e-05	1.232185e+02	1.148151e+02	1.239150e+02
4.032790e-05	1.226452e+02	1.142951e+02	1.233216e+02
4.079535e-05	1.220744e+02	1.137773e+02	1.227322e+02
4.126821e-05	1.215060e+02	1.132617e+02	1.221469e+02
4.174655e-05	1.209401e+02	1.127482e+02	1.215657e+02
4.223044e-05	1.203765e+02	1.122369e+02	1.209866e+02
4.271994e-05	1.198154e+02	1.117276e+02	1.203998e+02
4.321511e-05	1.192567e+02	1.112205e+02	1.198219e+02
4.371602e-05	1.187004e+02	1.107155e+02	1.192520e+02
4.422274e-05	1.181464e+02	1.102126e+02	1.186894e+02
4.473533e-05	1.175948e+02	1.097118e+02	1.181332e+02
4.525386e-05	1.170455e+02	1.092131e+02	1.175828e+02
4.577841e-05	1.164986e+02	1.087164e+02	1.170375e+02
4.630903e-05	1.159541e+02	1.082218e+02	1.164968e+02
4.684580e-05	1.154118e+02	1.077292e+02	1.159601e+02
4.738880e-05	1.148719e+02	1.072387e+02	1.154270e+02
4.793808e-05	1.143343e+02	1.067502e+02	1.148970e+02
4.849374e-05	1.137989e+02	1.062638e+02	1.143697e+02
4.905584e-05	1.132659e+02	1.057793e+02	1.138538e+02
4.962445e-05	1.127351e+02	1.052969e+02	1.133414e+02
5.019965e-05	1.122066e+02	1.048165e+02	1.128268e+02
5.078152e-05	1.116804e+02	1.043380e+02	1.123107e+02
5.137014e-05	1.111564e+02	1.038616e+02	1.117934e+02
5.196557e-05	1.106346e+02	1.033871e+02	1.112754e+02
5.256791e-05	1.101150e+02	1.029146e+02	1.107570e+02
5.317723e-05	1.095977e+02	1.024440e+02	1.102387e+02
5.379362e-05	1.090826e+02	1.019754e+02	1.097208e+02
5.441714e-05	1.085696e+02	1.015087e+02	1.092036e+02
5.504790e-05	1.080589e+02	1.010440e+02	1.086873e+02
5.568596e-05	1.075503e+02	1.005812e+02	1.081721e+02
5.633143e-05	1.070440e+02	1.001203e+02	1.076568e+02
5.698437e-05	1.065397e+02	9.966130e+01	1.071357e+02
5.764488e-05	1.060376e+02	9.920422e+01	1.066194e+02
5.831305e-05	1.055377e+02	9.874903e+01	1.061076e+02
5.898896e-05	1.050399e+02	9.829572e+01	1.055998e+02
5.967271e-05	1.045442e+02	9.784430e+01	1.050958e+02
6.036439e-05	1.040506e+02	9.739474e+01	1.045953e+02
6.106408e-05	1.035592e+02	9.694704e+01	1.040979e+02
6.177188e-05	1.030698e+02	9.650119e+01	1.036035e+02
6.248788e-05	1.025825e+02	9.605719e+01	1.031117e+02
6.321218e-05	1.020973e+02	9.561503e+01	1.026224e+02
6.394488e-05	1.016142e+02	9.517470e+01	1.021355e+02
6.468608e-05	1.011331e+02	9.473618e+01	1.016507e+02
6.543586e-05	1.006540e+02	9.429948e+01	1.011713e+02
6.619433e-05	1.001771e+02	9.386458e+01	1.006943e+02
6.696160e-05	9.970210e+01	9.343148e+01	1.002176e+02
6.773776e-05	9.922916e+01	9.300018e+01	9.974150e+01
6.852292e-05	9.875825e+01	9.257065e+01	9.926620e+01
6.931717e-05	9.828934e+01	9.214290e+01	9.879184e+01
7.012064e-05	9.782242e+01	9.171692e+01	9.831860e+01
7.093341e-05	9.735750e+01	9.129270e+01	9.784662e+01
7.175561e-05	9.689455e+01	9.087023e+01	9.737605e+01
7.258734e-05	9.643358e+01	9.044950e+01	9.690702e+01
7.342870e-05	9.597457e+01	9.003052e+01	9.643967e+01
7.427982e-05	9.551752e+01	8.961326e+01	9.597411e+01
7.514081e-05	9.506241e+01	8.919772e+01	9.551135e+01
7.601178e-05	9.460924e+01	8.878390e+01	9.505387e+01
7.689284e-05	9.415800e+01	8.837179e+01	9.459705e+01
7.778411e-05	9.370868e+01	8.796138e+01	9.414125e+01
7.868572e-05	9.326128e+01	8.755266e+01	9.368676e+01
7.959777e-05	9.281578e+01	8.714563e+01	9.323387e+01
8.052040e-05	9.237217e+01	8.674027e+01	9.278281e+01
8.145372e-05	9.193046e+01	8.633659e+01	9.233380e+01
8.239786e-05	9.149062e+01	8.593458e+01	9.188704e+01
8.335294e-05	9.105266e+01	8.553422e+01	9.144267e+01
8.431909e-05	9.061657e+01	8.513551e+01	9.100085e+01
8.529644e-05	9.018233e+01	8.473845e+01	9.056168e+01
8.628513e-05	8.974994e+01	8.434303e+01	9.012526e+01
8.728527e-05	8.931939e+01	8.394924e+01	8.968589e+01
8.829700e-05	8.889068e+01	8.355708e+01	8.924908e+01
8.932046e-05	8.846379e+01	8.316653e+01	8.881746e+01
9.035578e-05	8.803872e+01	8.277759e+01	8.839063e+01
9.140311e-05	8.761546e+01	8.239026e+01	8.796818e+01
9.246257e-05	8.719401e+01	8.200452e+01	8.754975e+01
9.353432e-05	8.677435e+01	8.162038e+01	8.713500e+01
9.461848e-05	8.635648e+01	8.123782e+01	8.672360e+01
9.571522e-05	8.594039e+01	8.085684e+01	8.631528e+01
9.682466e-05	8.552607e+01	8.047743e+01	8.590974e+01
9.794697e-05	8.511353e+01	8.009959e+01	8.550674e+01
9.908228e-05	8.470274e+01	7.972331e+01	8.510604e+01
1.002308e-04	8.429370e+01	7.934858e+01	8.470814e+01
1.013925e-04	8.388641e+01	7.897540e+01	8.431427e+01
1.025678e-04	8.348086e+01	7.860376e+01	8.392116e+01
1.037567e-04	8.307704e+01	7.823366e+01	8.352880e+01
1.049593e-04	8.267494e+01	7.786509e+01	8.313723e+01
1.061759e-04	8.227456e+01	7.749804e+01	8.274646e+01
1.074066e-04	8.187588e+01	7.713251e+01	8.235650e+01
1.086516e-04	8.147891e+01	7.676848e+01	8.196737e+01
1.099110e-04	8.108364e+01	7.640597e+01	8.157908e+01
1.111850e-04	8.069006e+01	7.604495e+01	8.119166e+01
1.124737e-04	8.029816e+01	7.568542e+01	8.080512e+01
1.137774e-04	7.990793e+01	7.532739e+01	8.041947e+01
1.150962e-04	7.951937e+01	7.497083e+01	8.003474e+01
1.164303e-04	7.913248e+01	7.461575e+01	7.965088e+01
1.177799e-04	7.874724e+01	7.426215e+01	7.926795e+01
1.191451e-04	7.836365e+01	7.391000e+01	7.888602e+01
1.205261e-04	7.798170e+01	7.355931e+01	7.850508e+01
1.219231e-04	7.760138e+01	7.321008e+01	7.812515e+01
1.233363e-04	7.722269e+01	7.286229e+01	7.774625e+01
1.247660e-04	7.684563e+01	7.251595e+01	7.736839e+01
1.262121e-04	7.647018e+01	7.217104e+01	7.699157e+01
1.276751e-04	7.609634e+01	7.182755e+01	7.661582e+01
1.291550e-04	7.572410e+01	7.148550e+01	7.624114e+01
1.306520e-04	7.535346e+01	7.114486e+01	7.586756e+01
1.321664e-04	7.498440e+01	7.080563e+01	7.549509e+01
1.336984e-04	7.461693e+01	7.046782e+01	7.512358e+01
1.352481e-04	7.425103e+01	7.013140e+01	7.475278e+01
1.368158e-04	7.388671e+01	6.979638e+01	7.438335e+01
1.384016e-04	7.352394e+01	6.946275e+01	7.401524e+01
1.400058e-04	7.316274e+01	6.913050e+01	7.364846e+01
1.416287e-04	7.280308e+01	6.879964e+01	7.328299e+01
1.432703e-04	7.244497e+01	6.847014e+01	7.291881e+01
1.449310e-04	7.208839e+01	6.814202e+01	7.255592e+01
1.466109e-04	7.173335e+01	6.781526e+01	7.219433e+01
1.483103e-04	7.137983e+01	6.748986e+01	7.183402e+01
1.500293e-04	7.102783e+01	6.716581e+01	7.147501e+01
1.517683e-04	7.067735e+01	6.684310e+01	7.111729e+01
1.535275e-04	7.032837e+01	6.652174e+01	7.076088e+01
1.553071e-04	6.998088e+01	6.620171e+01	7.040678e+01
1.571072e-04	6.963490e+01	6.588301e+01	7.005398e+01
1.589283e-04	6.929040e+01	6.556564e+01	6.970214e+01
1.607704e-04	6.894738e+01	6.524959e+01	6.935135e+01
1.626340e-04	6.860584e+01	6.493485e+01	6.900169e+01
1.645191e-04	6.826577e+01	6.462143e+01	6.865323e+01
1.664260e-04	6.792716e+01	6.430930e+01	6.830604e+01
1.683551e-04	6.759001e+01	6.399848e+01	6.796018e+01
1.703065e-04	6.725431e+01	6.368895e+01	6.761572e+01
1.722805e-04	6.692006e+01	6.338071e+01	6.727270e+01
1.742775e-04	6.658724e+01	6.307375e+01	6.693117e+01
1.762975e-04	6.625586e+01	6.276807e+01	6.659117e+01
1.783410e-04	6.592591e+01	6.246366e+01	6.625265e+01
1.804082e-04	6.559738e+01	6.216052e+01	6.591551e+01
1.824993e-04	6.527026e+01	6.185864e+01	6.558013e+01
1.846147e-04	6.494455e+01	6.155802e+01	6.524652e+01
1.867546e-04	6.462025e+01	6.125865e+01	6.491467e+01
1.889193e-04	6.429735e+01	6.096053e+01	6.458460e+01
1.911091e-04	6.397584e+01	6.066366e+01	6.425630e+01
1.933242e-04	6.365571e+01	6.036802e+01	6.392978e+01
1.955651e-04	6.333697e+01	6.007361e+01	6.360502e+01
1.978319e-04	6.301961e+01	5.978043e+01	6.328204e+01
2.001250e-04	6.270361e+01	5.948848e+01	6.296081e+01
2.024447e-04	6.238898e+01	5.919774e+01	6.264134e+01
2.047912e-04	6.207571e+01	5.890822e+01	6.232362e+01
2.071650e-04	6.176379e+01	5.861990e+01	6.200767e+01
2.095662e-04	6.145321e+01	5.833279e+01	6.169345e+01
2.119953e-04	6.114399e+01	5.804687e+01	6.138093e+01
2.144526e-04	6.083609e+01	5.776216e+01	6.107010e+01
2.169384e-04	6.052953e+01	5.747863e+01	6.076095e+01
2.194529e-04	6.022429e+01	5.719628e+01	6.045347e+01
2.219966e-04	5.992038e+01	5.691511e+01	6.014764e+01
2.245698e-04	5.961778e+01	5.663512e+01	5.984344e+01
2.271728e-04	5.931649e+01	5.635631e+01	5.954086e+01
2.298060e-04	5.901650e+01	5.607865e+01	5.923989e+01
2.324697e-04	5.871782e+01	5.580216e+01	5.894049e+01
2.351643e-04	5.842043e+01	5.552683e+01	5.864265e+01
2.378901e-04	5.812432e+01	5.525265e+01	5.834689e+01
2.406475e-04	5.782951e+01	5.497962e+01	5.805363e+01
2.434369e-04	5.753597e+01	5.470773e+01	5.776134e+01
2.462586e-04	5.724370e+01	5.443698e+01	5.747008e+01
2.491130e-04	5.695270e+01	5.416737e+01	5.717992e+01
2.520005e-04	5.666297e+01	5.389888e+01	5.689090e+01
2.549215e-04	5.637449e+01	5.363152e+01	5.660307e+01
2.578763e-04	5.608727e+01	5.336529e+01	5.631646e+01
2.608654e-04	5.580130e+01	5.310017e+01	5.603110e+01
2.638891e-04	5.551657e+01	5.283617e+01	5.574701e+01
2.669478e-04	5.523307e+01	5.257327e+01	5.546421e+01
2.700421e-04	5.495082e+01	5.231148e+01	5.518269e+01
2.731722e-04	5.466979e+01	5.205079e+01	5.490245e+01
2.763385e-04	5.438998e+01	5.179120e+01	5.461799e+01
2.795416e-04	5.411140e+01	5.153270e+01	5.433536e+01
2.827818e-04	5.383402e+01	5.127529e+01	5.405591e+01
2.860596e-04	5.355786e+01	5.101896e+01	5.377927e+01
2.893753e-04	5.328290e+01	5.076371e+01	5.350508e+01
2.927295e-04	5.300915e+01	5.050954e+01	5.323303e+01
2.961225e-04	5.273658e+01	5.025644e+01	5.296283e+01
2.995549e-04	5.246521e+01	5.000440e+01	5.269422e+01
3.030271e-04	5.219503e+01	4.975344e+01	5.242698e+01
3.065395e-04	5.192602e+01	4.950353e+01	5.216091e+01
3.100927e-04	5.165819e+01	4.925467e+01	5.189582e+01
3.136870e-04	5.139154e+01	4.900687e+01	5.163156e+01
3.173230e-04	5.112605e+01	4.876011e+01	5.137040e+01
3.210011e-04	5.086172e+01	4.851440e+01	5.111375e+01
3.247218e-04	5.059855e+01	4.826973e+01	5.085539e+01
3.284857e-04	5.033653e+01	4.802609e+01	5.059565e+01
3.322933e-04	5.007566e+01	4.778348e+01	5.033485e+01
3.361449e-04	4.981594e+01	4.754190e+01	5.007326e+01
3.400412e-04	4.955735e+01	4.730135e+01	4.981117e+01
3.439826e-04	4.929990e+01	4.706181e+01	4.954882e+01
3.479698e-04	4.904358e+01	4.682329e+01	4.928645e+01
3.520031e-04	4.878839e+01	4.658579e+01	4.902426e+01
3.560833e-04	4.853431e+01	4.634929e+01	4.876246e+01
3.602107e-04	4.828136e+01	4.611379e+01	4.850123e+01
3.643859e-04	4.802951e+01	4.587929e+01	4.824073e+01
3.686095e-04	4.777878e+01	4.564579e+01	4.798120e+01
3.728821e-04	4.752914e+01	4.541328e+01	4.772267e+01
3.772042e-04	4.728061e+01	4.518176e+01	4.746525e+01
3.815765e-04	4.703317e+01	4.495122e+01	4.720906e+01
3.859994e-04	4.678682e+01	4.472167e+01	4.695420e+01
3.904735e-04	4.654155e+01	4.449309e+01	4.670075e+01
3.949995e-04	4.629737e+01	4.426548e+01	4.644877e+01
3.995780e-04	4.605426e+01	4.403885e+01	4.619834e+01
4.042096e-04	4.581223e+01	4.381318e+01	4.594950e+01
4.088948e-04	4.557126e+01	4.358847e+01	4.570229e+01
4.136344e-04	4.533136e+01	4.336472e+01	4.545673e+01
4.184289e-04	4.509252e+01	4.314192e+01	4.521285e+01
4.232789e-04	4.485473e+01	4.292007e+01	4.496846e+01
4.281852e-04	4.461800e+01	4.269917e+01	4.472260e+01
4.331483e-04	4.438231e+01	4.247922e+01	4.448032e+01
4.381690e-04	4.414766e+01	4.226020e+01	4.424126e+01
4.432479e-04	4.391406e+01	4.204212e+01	4.400508e+01
4.483856e-04	4.368148e+01	4.182498e+01	4.377150e+01
4.535829e-04	4.344994e+01	4.160876e+01	4.354023e+01
4.588404e-04	4.321943e+01	4.139346e+01	4.331102e+01
4.641589e-04	4.298993e+01	4.117909e+01	4.308365e+01
4.695390e-04	4.276146e+01	4.096564e+01	4.285791e+01
4.749815e-04	4.253400e+01	4.075310e+01	4.263360e+01
4.804870e-04	4.230755e+01	4.054147e+01	4.241057e+01
4.860564e-04	4.208210e+01	4.033076e+01	4.218867e+01
4.916904e-04	4.185766e+01	4.012094e+01	4.197378e+01
4.973896e-04	4.163422e+01	3.991203e+01	4.175878e+01
5.031549e-04	4.141177e+01	3.970401e+01	4.154258e+01
5.089870e-04	4.119031e+01	3.949689e+01	4.132550e+01
5.148867e-04	4.096984e+01	3.929066e+01	4.110778e+01
5.208549e-04	4.075035e+01	3.908532e+01	4.088969e+01
5.268921e-04	4.053183e+01	3.888086e+01	4.067145e+01
5.329994e-04	4.031430e+01	3.867728e+01	4.045325e+01
5.391775e-04	4.009773e+01	3.847458e+01	4.023530e+01
5.454271e-04	3.988213e+01	3.827276e+01	4.001774e+01
5.517492e-04	3.966750e+01	3.807180e+01	3.980074e+01
5.581446e-04	3.945382e+01	3.787171e+01	3.958443e+01
5.646141e-04	3.924110e+01	3.767249e+01	3.936675e+01
5.711586e-04	3.902934e+01	3.747413e+01	3.914729e+01
5.777790e-04	3.881852e+01	3.727662e+01	3.893054e+01
5.844761e-04	3.860864e+01	3.707997e+01	3.871624e+01
5.912508e-04	3.839971e+01	3.688417e+01	3.850419e+01
5.981041e-04	3.819171e+01	3.668922e+01	3.829418e+01
6.050368e-04	3.798465e+01	3.649511e+01	3.808602e+01
6.120498e-04	3.777851e+01	3.630185e+01	3.787953e+01
6.191442e-04	3.757331e+01	3.610942e+01	3.767456e+01
6.263207e-04	3.736902e+01	3.591783e+01	3.747097e+01
6.335805e-04	3.716565e+01	3.572707e+01	3.726863e+01
6.409244e-04	3.696320e+01	3.553714e+01	3.706742e+01
6.483534e-04	3.676166e+01	3.534803e+01	3.686723e+01
6.558686e-04	3.656102e+01	3.515975e+01	3.666931e+01
6.634708e-04	3.636129e+01	3.497228e+01	3.647199e+01
6.711612e-04	3.616247e+01	3.478564e+01	3.627503e+01
6.789407e-04	3.596453e+01	3.459980e+01	3.607846e+01
6.868104e-04	3.576749e+01	3.441478e+01	3.588230e+01
6.947713e-04	3.557135e+01	3.423056e+01	3.568657e+01
7.028244e-04	3.537608e+01	3.404715e+01	3.549132e+01
7.109709e-04	3.518170e+01	3.386454e+01	3.529655e+01
7.192119e-04	3.498820e+01	3.368272e+01	3.510231e+01
7.275484e-04	3.479558e+01	3.350170e+01	3.490862e+01
7.359814e-04	3.460383e+01	3.332147e+01	3.471552e+01
7.445123e-04	3.441294e+01	3.314203e+01	3.452304e+01
7.531420e-04	3.422292e+01	3.296338e+01	3.433270e+01
7.618718e-04	3.403376e+01	3.278550e+01	3.414466e+01
7.707027e-04	3.384547e+01	3.260841e+01	3.395622e+01
7.796360e-04	3.365802e+01	3.243209e+01	3.376763e+01
7.886729e-04	3.347143e+01	3.225655e+01	3.357908e+01
7.978145e-04	3.328568e+01	3.208178e+01	3.339078e+01
8.070620e-04	3.310078e+01	3.190777e+01	3.320290e+01
8.164168e-04	3.291673e+01	3.173453e+01	3.301560e+01
8.258799e-04	3.273350e+01	3.156205e+01	3.282901e+01
8.354528e-04	3.255112e+01	3.139033e+01	3.264327e+01
8.451366e-04	3.236956e+01	3.121937e+01	3.245848e+01
8.549327e-04	3.218884e+01	3.104916e+01	3.227472e+01
8.648423e-04	3.200893e+01	3.087970e+01	3.209209e+01
8.748668e-04	3.182985e+01	3.071099e+01	3.190674e+01
8.850075e-04	3.165159e+01	3.054302e+01	3.172350e+01
8.952657e-04	3.147414e+01	3.037579e+01	3.154276e+01
9.056428e-04	3.129751e+01	3.020930e+01	3.136430e+01
9.161402e-04	3.112168e+01	3.004355e+01	3.118795e+01
9.267593e-04	3.094666e+01	2.987853e+01	3.101353e+01
9.375015e-04	3.077243e+01	2.971424e+01	3.084087e+01
9.483682e-04	3.059901e+01	2.955068e+01	3.066982e+01
9.593608e-04	3.042639e+01	2.938784e+01	3.050024e+01
9.704809e-04	3.025455e+01	2.922573e+01	3.033200e+01
9.817298e-04	3.008351e+01	2.906433e+01	3.016497e+01
9.931092e-04	2.991325e+01	2.890365e+01	2.999906e+01
1.004620e-03	2.974377e+01	2.874369e+01	2.983480e+01
1.016265e-03	2.957508e+01	2.858443e+01	2.967207e+01
1.028045e-03	2.940716e+01	2.842589e+01	2.950971e+01
1.039961e-03	2.924002e+01	2.826805e+01	2.934774e+01
1.052015e-03	2.907364e+01	2.811091e+01	2.918615e+01
1.064209e-03	2.890804e+01	2.795448e+01	2.902496e+01
1.076545e-03	2.874320e+01	2.779874e+01	2.886418e+01
1.089023e-03	2.857912e+01	2.764370e+01	2.870380e+01
1.101646e-03	2.841580e+01	2.748935e+01	2.854384e+01
1.114415e-03	2.825323e+01	2.733569e+01	2.838430e+01
1.127333e-03	2.809142e+01	2.718272e+01	2.822518e+01
1.140400e-03	2.793036e+01	2.703043e+01	2.806650e+01
1.153618e-03	2.777004e+01	2.687883e+01	2.790826e+01
1.166990e-03	2.761047e+01	2.672790e+01	2.775047e+01
1.180517e-03	2.745164e+01	2.657765e+01	2.759313e+01
1.194200e-03	2.729355e+01	2.642808e+01	2.743625e+01
1.208042e-03	2.713619e+01	2.627918e+01	2.727983e+01
1.222045e-03	2.697957e+01	2.613095e+01	2.712389e+01
1.236210e-03	2.682367e+01	2.598338e+01	2.696842e+01
1.250539e-03	2.666850e+01	2.583648e+01	2.681343e+01
1.265034e-03	2.651406e+01	2.569024e+01	2.665894e+01
1.279697e-03	2.636033e+01	2.554467e+01	2.650494e+01
1.294530e-03	2.620732e+01	2.539974e+01	2.635144e+01
1.309535e-03	2.605503e+01	2.525548e+01	2.619846e+01
1.324714e-03	2.590345e+01	2.511186e+01	2.604598e+01
1.340069e-03	2.575258e+01	2.496889e+01	2.589386e+01
1.355602e-03	2.560241e+01	2.482657e+01	2.574212e+01
1.371315e-03	2.545295e+01	2.468490e+01	2.559103e+01
1.387210e-03	2.530419e+01	2.454386e+01	2.544057e+01
1.403289e-03	2.515612e+01	2.440347e+01	2.529073e+01
1.419555e-03	2.500875e+01	2.426371e+01	2.514150e+01
1.436009e-03	2.486207e+01	2.412458e+01	2.499287e+01
1.452654e-03	2.471609e+01	2.398609e+01	2.484484e+01
1.469492e-03	2.457079e+01	2.384823e+01	2.469739e+01
1.486525e-03	2.442617e+01	2.371100e+01	2.455053e+01
1.503755e-03	2.428223e+01	2.357438e+01	2.440426e+01
1.521186e-03	2.413897e+01	2.343840e+01	2.425857e+01
1.538818e-03	2.399639e+01	2.330303e+01	2.411347e+01
1.556654e-03	2.385448e+01	2.316828e+01	2.396953e+01
1.574698e-03	2.371324e+01	2.303414e+01	2.382602e+01
1.592950e-03	2.357266e+01	2.290062e+01	2.368293e+01
1.611414e-03	2.343276e+01	2.276770e+01	2.354031e+01
1.630092e-03	2.329351e+01	2.263540e+01	2.339819e+01
1.648987e-03	2.315492e+01	2.250370e+01	2.325660e+01
1.668101e-03	2.301699e+01	2.237260e+01	2.311556e+01
1.687436e-03	2.287971e+01	2.224210e+01	2.297512e+01
1.706995e-03	2.274308e+01	2.211220e+01	2.283528e+01
1.726781e-03	2.260711e+01	2.198290e+01	2.269609e+01
1.746796e-03	2.247177e+01	2.185419e+01	2.255755e+01
1.767044e-03	2.233708e+01	2.172607e+01	2.241969e+01
1.787526e-03	2.220304e+01	2.159854e+01	2.228247e+01
1.808245e-03	2.206962e+01	2.147160e+01	2.214590e+01
1.829205e-03	2.193685e+01	2.134524e+01	2.201010e+01
1.850407e-03	2.180470e+01	2.121947e+01	2.187508e+01
1.871855e-03	2.167319e+01	2.109427e+01	2.174083e+01
1.893552e-03	2.154230e+01	2.096965e+01	2.160735e+01
1.915501e-03	2.141204e+01	2.084561e+01	2.147466e+01
1.937703e-03	2.128240e+01	2.072214e+01	2.134275e+01
1.960163e-03	2.115339e+01	2.059924e+01	2.121162e+01
1.982884e-03	2.102498e+01	2.047691e+01	2.108127e+01
2.005868e-03	2.089720e+01	2.035514e+01	2.095171e+01
2.029118e-03	2.077002e+01	2.023394e+01	2.082292e+01
2.052638e-03	2.064346e+01	2.011330e+01	2.069491e+01
2.076430e-03	2.051750e+01	1.999322e+01	2.056767e+01
2.100498e-03	2.039215e+01	1.987370e+01	2.044120e+01
2.124845e-03	2.026739e+01	1.975473e+01	2.031549e+01
2.149475e-03	2.014324e+01	1.963631e+01	2.019054e+01
2.174389e-03	2.001969e+01	1.951845e+01	2.006634e+01
2.199593e-03	1.989673e+01	1.940113e+01	1.994288e+01
2.225089e-03	1.977436e+01	1.928436e+01	1.982016e+01
2.250880e-03	1.965258e+01	1.916814e+01	1.969818e+01
2.276970e-03	1.953139e+01	1.905246e+01	1.957691e+01
2.303363e-03	1.941079e+01	1.893731e+01	1.945637e+01
2.330061e-03	1.929077e+01	1.882271e+01	1.933652e+01
2.357069e-03	1.917132e+01	1.870864e+01	1.921737e+01
2.384390e-03	1.905246e+01	1.859511e+01	1.909931e+01
2.412028e-03	1.893417e+01	1.848210e+01	1.898216e+01
2.439986e-03	1.881646e+01	1.836963e+01	1.886544e+01
2.468268e-03	1.869932e+01	1.825768e+01	1.874919e+01
2.496878e-03	1.858274e+01	1.814626e+01	1.863343e+01
2.525820e-03	1.846673e+01	1.803537e+01	1.851819e+01
2.555097e-03	1.835129e+01	1.792499e+01	1.840348e+01
2.584714e-03	1.823640e+01	1.781513e+01	1.828932e+01
2.614673e-03	1.812208e+01	1.770579e+01	1.817572e+01
2.644980e-03	1.800831e+01	1.759697e+01	1.806269e+01
2.675638e-03	1.789510e+01	1.748866e+01	1.795022e+01
2.706652e-03	1.778244e+01	1.738086e+01	1.783834e+01
2.738025e-03	1.767033e+01	1.727357e+01	1.772702e+01
2.769762e-03	1.755877e+01	1.716678e+01	1.761328e+01
2.801867e-03	1.744775e+01	1.706051e+01	1.750107e+01
2.834343e-03	1.733728e+01	1.695473e+01	1.739025e+01
2.867196e-03	1.722735e+01	1.684946e+01	1.728064e+01
2.900430e-03	1.711796e+01	1.674468e+01	1.717210e+01
2.934050e-03	1.700910e+01	1.664041e+01	1.706449e+01
2.968059e-03	1.690078e+01	1.653662e+01	1.695768e+01
3.002462e-03	1.679300e+01	1.643334e+01	1.685155e+01
3.037264e-03	1.668574e+01	1.633054e+01	1.674601e+01
3.072469e-03	1.657901e+01	1.622823e+01	1.664098e+01
3.108082e-03	1.647280e+01	1.612641e+01	1.653636e+01
3.144108e-03	1.636712e+01	1.602508e+01	1.643210e+01
3.180552e-03	1.626196e+01	1.592423e+01	1.632986e+01
3.217418e-03	1.615732e+01	1.582386e+01	1.622875e+01
3.254712e-03	1.605320e+01	1.572397e+01	1.612691e+01
3.292437e-03	1.594959e+01	1.562455e+01	1.602448e+01
3.330600e-03	1.584649e+01	1.552562e+01	1.592159e+01
3.369206e-03	1.574391e+01	1.542716e+01	1.581837e+01
3.408259e-03	1.564183e+01	1.532917e+01	1.571494e+01
3.447764e-03	1.554026e+01	1.523165e+01	1.561141e+01
3.487727e-03	1.543919e+01	1.513460e+01	1.550788e+01
3.528154e-03	1.533863e+01	1.503801e+01	1.540445e+01
3.569049e-03	1.523857e+01	1.494189e+01	1.530121e+01
3.610419e-03	1.513900e+01	1.484623e+01	1.519822e+01
3.652267e-03	1.503993e+01	1.475103e+01	1.509557e+01
3.694601e-03	1.494135e+01	1.465630e+01	1.499337e+01
3.737426e-03	1.484326e+01	1.456201e+01	1.489161e+01
3.780747e-03	1.474566e+01	1.446819e+01	1.479035e+01
3.824570e-03	1.464855e+01	1.437481e+01	1.468964e+01
3.868901e-03	1.455193e+01	1.428189e+01	1.458952e+01
3.913746e-03	1.445579e+01	1.418942e+01	1.449003e+01
3.959110e-03	1.436013e+01	1.409739e+01	1.439119e+01
4.005001e-03	1.426494e+01	1.400581e+01	1.429304e+01
4.051423e-03	1.417024e+01	1.391468e+01	1.419560e+01
4.098384e-03	1.407601e+01	1.382398e+01	1.409888e+01
4.145888e-03	1.398225e+01	1.373373e+01	1.400290e+01
4.193944e-03	1.388897e+01	1.364391e+01	1.390766e+01
4.242556e-03	1.379615e+01	1.355454e+01	1.381167e+01
4.291732e-03	1.370380e+01	1.346559e+01	1.371577e+01
4.341478e-03	1.361191e+01	1.337708e+01	1.362141e+01
4.391801e-03	1.352049e+01	1.328900e+01	1.352843e+01
4.442707e-03	1.342953e+01	1.320136e+01	1.343669e+01
4.494203e-03	1.333902e+01	1.311413e+01	1.334606e+01
4.546295e-03	1.324898e+01	1.302734e+01	1.325643e+01
4.598992e-03	1.315939e+01	1.294097e+01	1.316768e+01
4.652300e-03	1.307025e+01	1.285502e+01	1.307973e+01
4.706225e-03	1.298156e+01	1.276949e+01	1.299247e+01
4.760775e-03	1.289333e+01	1.268439e+01	1.290584e+01
4.815958e-03	1.280554e+01	1.259970e+01	1.281975e+01
4.871780e-03	1.271819e+01	1.251542e+01	1.273427e+01
4.928250e-03	1.263129e+01	1.243156e+01	1.265178e+01
4.985373e-03	1.254483e+01	1.234811e+01	1.256878e+01
5.043159e-03	1.245881e+01	1.226508e+01	1.248538e+01
5.101615e-03	1.237323e+01	1.218245e+01	1.240169e+01
5.160749e-03	1.228809e+01	1.210023e+01	1.231781e+01
5.220568e-03	1.220338e+01	1.201841e+01	1.223383e+01
5.281080e-03	1.211910e+01	1.193700e+01	1.214983e+01
5.342293e-03	1.203525e+01	1.185600e+01	1.206589e+01
5.404216e-03	1.195183e+01	1.177539e+01	1.198209e+01
5.466857e-03	1.186884e+01	1.169518e+01	1.189847e+01
5.530224e-03	1.178627e+01	1.161537e+01	1.181510e+01
5.594326e-03	1.170413e+01	1.153595e+01	1.173203e+01
5.659170e-03	1.162241e+01	1.145693e+01	1.164817e+01
5.724766e-03	1.154111e+01	1.137831e+01	1.156427e+01
5.791123e-03	1.146022e+01	1.130007e+01	1.148136e+01
5.858248e-03	1.137975e+01	1.122222e+01	1.139937e+01
5.926152e-03	1.129970e+01	1.114476e+01	1.131821e+01
5.994843e-03	1.122006e+01	1.106769e+01	1.123783e+01
6.064329e-03	1.114083e+01	1.099100e+01	1.115816e+01
6.134622e-03	1.106201e+01	1.091470e+01	1.107914e+01
6.205729e-03	1.098359e+01	1.083877e+01	1.100074e+01
6.277660e-03	1.090558e+01	1.076323e+01	1.092289e+01
6.350425e-03	1.082798e+01	1.068806e+01	1.084556e+01
6.424034e-03	1.075078e+01	1.061328e+01	1.076872e+01
6.498495e-03	1.067397e+01	1.053886e+01	1.069240e+01
6.573820e-03	1.059757e+01	1.046482e+01	1.061748e+01
6.650018e-03	1.052156e+01	1.039116e+01	1.054259e+01
6.727099e-03	1.044595e+01	1.031786e+01	1.046779e+01
6.805074e-03	1.037073e+01	1.024493e+01	1.039309e+01
6.883952e-03	1.029591e+01	1.017237e+01	1.031854e+01
6.963745e-03	1.022147e+01	1.010018e+01	1.024418e+01
7.044462e-03	1.014742e+01	1.002835e+01	1.017002e+01
7.126115e-03	1.007376e+01	9.956884e+00	1.009610e+01
7.208715e-03	1.000049e+01	9.885780e+00	1.002245e+01
7.292272e-03	9.927595e+00	9.815035e+00	9.949079e+00
7.376798e-03	9.855085e+00	9.744650e+00	9.876019e+00
7.462303e-03	9.782955e+00	9.674622e+00	9.803285e+00
7.548799e-03	9.711203e+00	9.604949e+00	9.730788e+00
7.636298e-03	9.639829e+00	9.535631e+00	9.658619e+00
7.724811e-03	9.568830e+00	9.466666e+00	9.586872e+00
7.814351e-03	9.498205e+00	9.398052e+00	9.515550e+00
7.904928e-03	9.427952e+00	9.329787e+00	9.444655e+00
7.996555e-03	9.358070e+00	9.261872e+00	9.374187e+00
8.089243e-03	9.288556e+00	9.194303e+00	9.304145e+00
8.183007e-03	9.219410e+00	9.127080e+00	9.234529e+00
8.277857e-03	9.150630e+00	9.060201e+00	9.165337e+00
8.373807e-03	9.082214e+00	8.993665e+00	9.096568e+00
8.470868e-03	9.014161e+00	8.927471e+00	9.028219e+00
8.569055e-03	8.946470e+00	8.861617e+00	8.960287e+00
8.668380e-03	8.879137e+00	8.796101e+00	8.892725e+00
8.768856e-03	8.812163e+00	8.730922e+00	8.825211e+00
8.870497e-03	8.745546e+00	8.666080e+00	8.758239e+00
8.973316e-03	8.679284e+00	8.601571e+00	8.691781e+00
9.077327e-03	8.613375e+00	8.537397e+00	8.625810e+00
9.182543e-03	8.547819e+00	8.473554e+00	8.560303e+00
9.288979e-03	8.482613e+00	8.410041e+00	8.495236e+00
9.396648e-03	8.417757e+00	8.346858e+00	8.430588e+00
9.505566e-03	8.353248e+00	8.284002e+00	8.366341e+00
9.615746e-03	8.289085e+00	8.221473e+00	8.302476e+00
9.727203e-03	8.225267e+00	8.159269e+00	8.238978e+00
9.839952e-03	8.161793e+00	8.097389e+00	8.175834e+00
9.954008e-03	8.098660e+00	8.035832e+00	8.113029e+00
1.006939e-02	8.035867e+00	7.974596e+00	8.050806e+00
1.018610e-02	7.973414e+00	7.913679e+00	7.988961e+00
1.030417e-02	7.911298e+00	7.853081e+00	7.927310e+00
1.042361e-02	7.849518e+00	7.792801e+00	7.865865e+00
1.054443e-02	7.788074e+00	7.732838e+00	7.804642e+00
1.066665e-02	7.726962e+00	7.673189e+00	7.743650e+00
1.079029e-02	7.666183e+00	7.613854e+00	7.682902e+00
1.091536e-02	7.605734e+00	7.554831e+00	7.622409e+00
1.104188e-02	7.545615e+00	7.496119e+00	7.562178e+00
1.116987e-02	7.485823e+00	7.437718e+00	7.502220e+00
1.129934e-02	7.426358e+00	7.379625e+00	7.442541e+00
1.143031e-02	7.367218e+00	7.321840e+00	7.383149e+00
1.156280e-02	7.308402e+00	7.264361e+00	7.324032e+00
1.169683e-02	7.249909e+00	7.207187e+00	7.265098e+00
1.183241e-02	7.191736e+00	7.150317e+00	7.206514e+00
1.196956e-02	7.133884e+00	7.093749e+00	7.148275e+00
1.210830e-02	7.076349e+00	7.037483e+00	7.090377e+00
1.224865e-02	7.019132e+00	6.981518e+00	7.032818e+00
1.239062e-02	6.962231e+00	6.925851e+00	6.975594e+00
1.253424e-02	6.905645e+00	6.870483e+00	6.918702e+00
1.267953e-02	6.849372e+00	6.815411e+00	6.862139e+00
1.282650e-02	6.793411e+00	6.760635e+00	6.805902e+00
1.297517e-02	6.737760e+00	6.706154e+00	6.749989e+00
1.312557e-02	6.682420e+00	6.651966e+00	6.694398e+00
1.327771e-02	6.627388e+00	6.598070e+00	6.639125e+00
1.343161e-02	6.572663e+00	6.544466e+00	6.584132e+00
1.358730e-02	6.518244e+00	6.491153e+00	6.529448e+00
1.374479e-02	6.464130e+00	6.438128e+00	6.475092e+00
1.390411e-02	6.410319e+00	6.385391e+00	6.421059e+00
1.406527e-02	6.356810e+00	6.332940e+00	6.367345e+00
1.422830e-02	6.303602e+00	6.280776e+00	6.313946e+00
1.439323e-02	6.250694e+00	6.228896e+00	6.260858e+00
1.456006e-02	6.198085e+00	6.177299e+00	6.208078e+00
1.472883e-02	6.145773e+00	6.125986e+00	6.155603e+00
1.489955e-02	6.093757e+00	6.074953e+00	6.103429e+00
1.507225e-02	6.042037e+00	6.024202e+00	6.051555e+00
1.524696e-02	5.990611e+00	5.973730e+00	5.999978e+00
1.542369e-02	5.939477e+00	5.923536e+00	5.948719e+00
1.560246e-02	5.888636e+00	5.873620e+00	5.897862e+00
1.578331e-02	5.838085e+00	5.823980e+00	5.847254e+00
1.596626e-02	5.787824e+00	5.774616e+00	5.796899e+00
1.615133e-02	5.737851e+00	5.725526e+00	5.746805e+00
1.633854e-02	5.688166e+00	5.676710e+00	5.696977e+00
1.652792e-02	5.638767e+00	5.628167e+00	5.647419e+00
1.671950e-02	5.589654e+00	5.579895e+00	5.598137e+00
1.691330e-02	5.540824e+00	5.531893e+00	5.549134e+00
1.710934e-02	5.492277e+00	5.484161e+00	5.500414e+00
1.730766e-02	5.444013e+00	5.436698e+00	5.451979e+00
1.750827e-02	5.396029e+00	5.389503e+00	5.403832e+00
1.771121e-02	5.348325e+00	5.342574e+00	5.355975e+00
1.791650e-02	5.300899e+00	5.295910e+00	5.308518e+00
1.812418e-02	5.253751e+00	5.249511e+00	5.261368e+00
1.833425e-02	5.206880e+00	5.203376e+00	5.214465e+00
1.854677e-02	5.160284e+00	5.157505e+00	5.167818e+00
1.876175e-02	5.113963e+00	5.111896e+00	5.121436e+00
1.897922e-02	5.067917e+00	5.066548e+00	5.075325e+00
1.919921e-02	5.022142e+00	5.021460e+00	5.029490e+00
1.942175e-02	4.976640e+00	4.976632e+00	4.983936e+00
1.964687e-02	4.931408e+00	4.932062e+00	4.938665e+00
1.987460e-02	4.886445e+00	4.887750e+00	4.893681e+00
2.010496e-02	4.841751e+00	4.843694e+00	4.848985e+00
2.033800e-02	4.797325e+00	4.799895e+00	4.804578e+00
2.057374e-02	4.753165e+00	4.756350e+00	4.760342e+00
2.081222e-02	4.709271e+00	4.713058e+00	4.715925e+00
2.105345e-02	4.665641e+00	4.670020e+00	4.671996e+00
2.129749e-02	4.622275e+00	4.627234e+00	4.628517e+00
2.154435e-02	4.579172e+00	4.584700e+00	4.585453e+00
2.179407e-02	4.536331e+00	4.542417e+00	4.542773e+00
2.204669e-02	4.493751e+00	4.500383e+00	4.500448e+00
2.230223e-02	4.451431e+00	4.458599e+00	4.458451e+00
2.256074e-02	4.409370e+00	4.417063e+00	4.416758e+00
2.282224e-02	4.367568e+00	4.375774e+00	4.375349e+00
2.308678e-02	4.326022e+00	4.334732e+00	4.334204e+00
2.335438e-02	4.284734e+00	4.293935e+00	4.293306e+00
2.362508e-02	4.243700e+00	4.253384e+00	4.252640e+00
2.389893e-02	4.202922e+00	4.213078e+00	4.212535e+00
2.417594e-02	4.162399e+00	4.173015e+00	4.172664e+00
2.445617e-02	4.122127e+00	4.133195e+00	4.132853e+00
2.473964e-02	4.082108e+00	4.093617e+00	4.093121e+00
2.502640e-02	4.042340e+00	4.054279e+00	4.053485e+00
2.531648e-02	4.002823e+00	4.015183e+00	4.013961e+00
2.560993e-02	3.963555e+00	3.976326e+00	3.974566e+00
2.590678e-02	3.924536e+00	3.937708e+00	3.935314e+00
2.620707e-02	3.885765e+00	3.899329e+00	3.896220e+00
2.651084e-02	3.847242e+00	3.861187e+00	3.857295e+00
2.681813e-02	3.808965e+00	3.823283e+00	3.818554e+00
2.712898e-02	3.770934e+00	3.785615e+00	3.780006e+00
2.744343e-02	3.733149e+00	3.748183e+00	3.741680e+00
2.776153e-02	3.695608e+00	3.710988e+00	3.703624e+00
2.808332e-02	3.658311e+00	3.674026e+00	3.665767e+00
2.840884e-02	3.621257e+00	3.637299e+00	3.628121e+00
2.873813e-02	3.584444e+00	3.600804e+00	3.590697e+00
2.907123e-02	3.547873e+00	3.564542e+00	3.553507e+00
2.940820e-02	3.511543e+00	3.528512e+00	3.516560e+00
2.974908e-02	3.475452e+00	3.492713e+00	3.479863e+00
3.009390e-02	3.439601e+00	3.457145e+00	3.443425e+00
3.044272e-02	3.403988e+00	3.421806e+00	3.407253e+00
3.079559e-02	3.368613e+00	3.386698e+00	3.371350e+00
3.115254e-02	3.333475e+00	3.351818e+00	3.335723e+00
3.151363e-02	3.298573e+00	3.317167e+00	3.300374e+00
3.187891e-02	3.263907e+00	3.282743e+00	3.265190e+00
3.224842e-02	3.229476e+00	3.248546e+00	3.230286e+00
3.262222e-02	3.195279e+00	3.214575e+00	3.195714e+00
3.300035e-02	3.161316e+00	3.180831e+00	3.161466e+00
3.338286e-02	3.127586e+00	3.147312e+00	3.127534e+00
3.376980e-02	3.094089e+00	3.114018e+00	3.093911e+00
3.416123e-02	3.060823e+00	3.080949e+00	3.060591e+00
3.455720e-02	3.027788e+00	3.048102e+00	3.027564e+00
3.495776e-02	2.994983e+00	3.015479e+00	2.994826e+00
3.536296e-02	2.962408e+00	2.983078e+00	2.962370e+00
3.577285e-02	2.930061e+00	2.950898e+00	2.930188e+00
3.618750e-02	2.897942e+00	2.918939e+00	2.898275e+00
3.660695e-02	2.866050e+00	2.887200e+00	2.866634e+00
3.703127e-02	2.834384e+00	2.855681e+00	2.835275e+00
3.746050e-02	2.802944e+00	2.824380e+00	2.804155e+00
3.789471e-02	2.771730e+00	2.793299e+00	2.773273e+00
3.833395e-02	2.740740e+00	2.762435e+00	2.742623e+00
3.877828e-02	2.709974e+00	2.731789e+00	2.712203e+00
3.922777e-02	2.679431e+00	2.701359e+00	2.682010e+00
3.968246e-02	2.649110e+00	2.671146e+00	2.652041e+00
4.014242e-02	2.619011e+00	2.641148e+00	2.622292e+00
4.060772e-02	2.589133e+00	2.611365e+00	2.592759e+00
4.107841e-02	2.559475e+00	2.581796e+00	2.563441e+00
4.155455e-02	2.530036e+00	2.552440e+00	2.534333e+00
4.203622e-02	2.500816e+00	2.523297e+00	2.505433e+00
4.252346e-02	2.471815e+00	2.494367e+00	2.476430e+00
4.301636e-02	2.443031e+00	2.465648e+00	2.447633e+00
4.351497e-02	2.414464e+00	2.437141e+00	2.419153e+00
4.401935e-02	2.386113e+00	2.408843e+00	2.390964e+00
4.452959e-02	2.357976e+00	2.380756e+00	2.363046e+00
4.504573e-02	2.330054e+00	2.352877e+00	2.335377e+00
4.556786e-02	2.302347e+00	2.325207e+00	2.307942e+00
4.609604e-02	2.274852e+00	2.297745e+00	2.280723e+00
4.663035e-02	2.247570e+00	2.270490e+00	2.253707e+00
4.717085e-02	2.220500e+00	2.243443e+00	2.226883e+00
4.771761e-02	2.193641e+00	2.216601e+00	2.200240e+00
4.827071e-02	2.166993e+00	2.189965e+00	2.173770e+00
4.883022e-02	2.140555e+00	2.163534e+00	2.147698e+00
4.939622e-02	2.114326e+00	2.137308e+00	2.122337e+00
4.996877e-02	2.088306e+00	2.111286e+00	2.096861e+00
5.054797e-02	2.062494e+00	2.085468e+00	2.071314e+00
5.113388e-02	2.036889e+00	2.059852e+00	2.045739e+00
5.172657e-02	2.011492e+00	2.034438e+00	2.020174e+00
5.232614e-02	1.986300e+00	2.009226e+00	1.994654e+00
5.293266e-02	1.961313e+00	1.984215e+00	1.969213e+00
5.354621e-02	1.936531e+00	1.959405e+00	1.943879e+00
5.416687e-02	1.911954e+00	1.934794e+00	1.918678e+00
5.479472e-02	1.887580e+00	1.910383e+00	1.893634e+00
5.542986e-02	1.863408e+00	1.886171e+00	1.868768e+00
5.607235e-02	1.839439e+00	1.862156e+00	1.844097e+00
5.672229e-02	1.815675e+00	1.838344e+00	1.818914e+00
5.737976e-02	1.792112e+00	1.814728e+00	1.793992e+00
5.804486e-02	1.768747e+00	1.791307e+00	1.769573e+00
5.871766e-02	1.745581e+00	1.768081e+00	1.745617e+00
5.939827e-02	1.722612e+00	1.745049e+00	1.722086e+00
6.008676e-02	1.699841e+00	1.722210e+00	1.698946e+00
6.078323e-02	1.677266e+00	1.699566e+00	1.676165e+00
6.148778e-02	1.654887e+00	1.677114e+00	1.653714e+00
6.220049e-02	1.632705e+00	1.654854e+00	1.631567e+00
6.292146e-02	1.610717e+00	1.632787e+00	1.609700e+00
6.365079e-02	1.588924e+00	1.610911e+00	1.588091e+00
6.438857e-02	1.567325e+00	1.589226e+00	1.566722e+00
6.513491e-02	1.545915e+00	1.567728e+00	1.545811e+00
6.588990e-02	1.524689e+00	1.546412e+00	1.525581e+00
6.665363e-02	1.503660e+00	1.525288e+00	1.505293e+00
6.742622e-02	1.482825e+00	1.504357e+00	1.484981e+00
6.820777e-02	1.462185e+00	1.483616e+00	1.464678e+00
6.899837e-02	1.441736e+00	1.463065e+00	1.444413e+00
6.979814e-02	1.421477e+00	1.442701e+00	1.424214e+00
7.060718e-02	1.401409e+00	1.422524e+00	1.404103e+00
7.142559e-02	1.381528e+00	1.402533e+00	1.384102e+00
7.225349e-02	1.361835e+00	1.382727e+00	1.364231e+00
7.309099e-02	1.342327e+00	1.363104e+00	1.344505e+00
7.393820e-02	1.323005e+00	1.343664e+00	1.324939e+00
7.479523e-02	1.303866e+00	1.324406e+00	1.305545e+00
7.566219e-02	1.284921e+00	1.305337e+00	1.285726e+00
7.653919e-02	1.266156e+00	1.286448e+00	1.266171e+00
7.742637e-02	1.247568e+00	1.267734e+00	1.247044e+00
7.832383e-02	1.229157e+00	1.249196e+00	1.228298e+00
7.923169e-02	1.210924e+00	1.230833e+00	1.209895e+00
8.015007e-02	1.192866e+00	1.212645e+00	1.191798e+00
8.107910e-02	1.174986e+00	1.194633e+00	1.173976e+00
8.201889e-02	1.157282e+00	1.176794e+00	1.156402e+00
8.296959e-02	1.139753e+00	1.159131e+00	1.139052e+00
8.393129e-02	1.122400e+00	1.141641e+00	1.121905e+00
8.490415e-02	1.105222e+00	1.124324e+00	1.104944e+00
8.588829e-02	1.088218e+00	1.107181e+00	1.088157e+00
8.688383e-02	1.071387e+00	1.090209e+00	1.071635e+00
8.789091e-02	1.054727e+00	1.073407e+00	1.055423e+00
8.890966e-02	1.038241e+00	1.056777e+00	1.039234e+00
8.994022e-02	1.021928e+00	1.040319e+00	1.023098e+00
9.098273e-02	1.005786e+00	1.024030e+00	1.007039e+00
9.203732e-02	9.898149e-01	1.007912e+00	9.910794e-01
9.310413e-02	9.740133e-01	9.919611e-01	9.752394e-01
9.418332e-02	9.583803e-01	9.761780e-01	9.595347e-01
9.527500e-02	9.429149e-01	9.605615e-01	9.439788e-01
9.637935e-02	9.276160e-01	9.451105e-01	9.285823e-01
9.749649e-02	9.124827e-01	9.298242e-01	9.133539e-01
9.862658e-02	8.975142e-01	9.147018e-01	8.982995e-01
9.976978e-02	8.827093e-01	8.997422e-01	8.834236e-01
1.009262e-01	8.680673e-01	8.849447e-01	8.687249e-01
1.020961e-01	8.535872e-01	8.703084e-01	8.542105e-01
1.032795e-01	8.392679e-01	8.558322e-01	8.398788e-01
1.044766e-01	8.251087e-01	8.415155e-01	8.257265e-01
1.056876e-01	8.111085e-01	8.273573e-01	8.117684e-01
1.069126e-01	7.972667e-01	8.133568e-01	7.979696e-01
1.081519e-01	7.835823e-01	7.995133e-01	7.843224e-01
1.094055e-01	7.700544e-01	7.858259e-01	7.708323e-01
1.106736e-01	7.566821e-01	7.722936e-01	7.574462e-01
1.119564e-01	7.434643e-01	7.589155e-01	7.442334e-01
1.132541e-01	7.304003e-01	7.456908e-01	7.312333e-01
1.145669e-01	7.174891e-01	7.326186e-01	7.184005e-01
1.158948e-01	7.047298e-01	7.196981e-01	7.057384e-01
1.172382e-01	6.921216e-01	7.069283e-01	6.932038e-01
1.185971e-01	6.796634e-01	6.943083e-01	6.807136e-01
1.199718e-01	6.673544e-01	6.818375e-01	6.683034e-01
1.213624e-01	6.551937e-01	6.695148e-01	6.560024e-01
1.227691e-01	6.431805e-01	6.573394e-01	6.438335e-01
1.241921e-01	6.313139e-01	6.453107e-01	6.318150e-01
1.256317e-01	6.195930e-01	6.334276e-01	6.199592e-01
1.270879e-01	6.080169e-01	6.216893e-01	6.082744e-01
1.285610e-01	5.965846e-01	6.100949e-01	5.967681e-01
1.300511e-01	5.852955e-01	5.986437e-01	5.854342e-01
1.315586e-01	5.741484e-01	5.873347e-01	5.742724e-01
1.330835e-01	5.631426e-01	5.761671e-01	5.632797e-01
1.346261e-01	5.522770e-01	5.651399e-01	5.523789e-01
1.361865e-01	5.415508e-01	5.542523e-01	5.416953e-01
1.377651e-01	5.309631e-01	5.435033e-01	5.312003e-01
1.393619e-01	5.205129e-01	5.328922e-01	5.208538e-01
1.409773e-01	5.101994e-01	5.224181e-01	5.106953e-01
1.426114e-01	5.000217e-01	5.120800e-01	5.005959e-01
1.442644e-01	4.899788e-01	5.018771e-01	4.905416e-01
1.459366e-01	4.800699e-01	4.918085e-01	4.805678e-01
1.476281e-01	4.702941e-01	4.818735e-01	4.707022e-01
1.493393e-01	4.606505e-01	4.720710e-01	4.609645e-01
1.510703e-01	4.511382e-01	4.624003e-01	4.513684e-01
1.528214e-01	4.417563e-01	4.528604e-01	4.419228e-01
1.545928e-01	4.325039e-01	4.434506e-01	4.325976e-01
1.563847e-01	4.233801e-01	4.341699e-01	4.234198e-01
1.581973e-01	4.143841e-01	4.250175e-01	4.144471e-01
1.600310e-01	4.055149e-01	4.159925e-01	4.056400e-01
1.618860e-01	3.967717e-01	4.070941e-01	3.969846e-01
1.637624e-01	3.881536e-01	3.983214e-01	3.884732e-01
1.656606e-01	3.796597e-01	3.896734e-01	3.800156e-01
1.675808e-01	3.712890e-01	3.811495e-01	3.716346e-01
1.695232e-01	3.630408e-01	3.727486e-01	3.633488e-01
1.714882e-01	3.549142e-01	3.644700e-01	3.551793e-01
1.734759e-01	3.469083e-01	3.563129e-01	3.471222e-01
1.754867e-01	3.390221e-01	3.482762e-01	3.391883e-01
1.775208e-01	3.312549e-01	3.403593e-01	3.313845e-01
1.795785e-01	3.236057e-01	3.325612e-01	3.236598e-01
1.816600e-01	3.160738e-01	3.248810e-01	3.161150e-01
1.837656e-01	3.086581e-01	3.173181e-01	3.087301e-01
1.858957e-01	3.013579e-01	3.098714e-01	3.014780e-01
1.880504e-01	2.941723e-01	3.025401e-01	2.943940e-01
1.902301e-01	2.871004e-01	2.953235e-01	2.873729e-01
1.924351e-01	2.801414e-01	2.882206e-01	2.804068e-01
1.946656e-01	2.732944e-01	2.812306e-01	2.735219e-01
1.969220e-01	2.665584e-01	2.743527e-01	2.667057e-01
1.992046e-01	2.599328e-01	2.675860e-01	2.600158e-01
2.015136e-01	2.534166e-01	2.609296e-01	2.534772e-01
2.038493e-01	2.470089e-01	2.543828e-01	2.470722e-01
2.062122e-01	2.407089e-01	2.479448e-01	2.407969e-01
2.086024e-01	2.345158e-01	2.416145e-01	2.346325e-01
2.110203e-01	2.284286e-01	2.353913e-01	2.285573e-01
2.134663e-01	2.224466e-01	2.292743e-01	2.225758e-01
2.159406e-01	2.165689e-01	2.232626e-01	2.166923e-01
2.184436e-01	2.107945e-01	2.173554e-01	2.109098e-01
2.209756e-01	2.051228e-01	2.115519e-01	2.052258e-01
2.235370e-01	1.995527e-01	2.058512e-01	1.996431e-01
2.261280e-01	1.940835e-01	2.002525e-01	1.941622e-01
2.287491e-01	1.887143e-01	1.947549e-01	1.887715e-01
2.314005e-01	1.834443e-01	1.893577e-01	1.834978e-01
2.340827e-01	1.782725e-01	1.840599e-01	1.783322e-01
2.367960e-01	1.731982e-01	1.788607e-01	1.732676e-01
2.395407e-01	1.682204e-01	1.737593e-01	1.683146e-01
2.423173e-01	1.633384e-01	1.687549e-01	1.634404e-01
2.451260e-01	1.585513e-01	1.638465e-01	1.586484e-01
2.479673e-01	1.538581e-01	1.590334e-01	1.539442e-01
2.508415e-01	1.492581e-01	1.543148e-01	1.493216e-01
2.537490e-01	1.447504e-01	1.496896e-01	1.447998e-01
2.566903e-01	1.403342e-01	1.451572e-01	1.403793e-01
2.596656e-01	1.360085e-01	1.407166e-01	1.360550e-01
2.626754e-01	1.317724e-01	1.363671e-01	1.318257e-01
2.657201e-01	1.276253e-01	1.321077e-01	1.276842e-01
2.688001e-01	1.235660e-01	1.279375e-01	1.236269e-01
2.719158e-01	1.195939e-01	1.238558e-01	1.196539e-01
2.750676e-01	1.157080e-01	1.198617e-01	1.157674e-01
2.782559e-01	1.119074e-01	1.159543e-01	1.119651e-01
2.814812e-01	1.081913e-01	1.121327e-01	1.082436e-01
2.847439e-01	1.045587e-01	1.083961e-01	1.046045e-01
2.880444e-01	1.010089e-01	1.047435e-01	1.010453e-01
2.913832e-01	9.754086e-02	1.011742e-01	9.756581e-02
2.947606e-01	9.415375e-02	9.768719e-02	9.417765e-02
2.981772e-01	9.084666e-02	9.428163e-02	9.087484e-02
3.016334e-01	8.761871e-02	9.095664e-02	8.765393e-02
3.051297e-01	8.446899e-02	8.771131e-02	8.451912e-02
3.086665e-01	8.139660e-02	8.454475e-02	8.144913e-02
3.122443e-01	7.840062e-02	8.145607e-02	7.844825e-02
3.158635e-01	7.548016e-02	7.844435e-02	7.551951e-02
3.195248e-01	7.263429e-02	7.550869e-02	7.265885e-02
3.232284e-01	6.986211e-02	7.264819e-02	6.987874e-02
3.269750e-01	6.716268e-02	6.986191e-02	6.717689e-02
3.307650e-01	6.453508e-02	6.714895e-02	6.455033e-02
3.345989e-01	6.197838e-02	6.450838e-02	6.199722e-02
3.384773e-01	5.949164e-02	6.193926e-02	5.951417e-02
3.424006e-01	5.707393e-02	5.944066e-02	5.709942e-02
3.463694e-01	5.472429e-02	5.701163e-02	5.475181e-02
3.503842e-01	5.244179e-02	5.465124e-02	5.247104e-02
3.544456e-01	5.022546e-02	5.235853e-02	5.025501e-02
3.585540e-01	4.807435e-02	5.013254e-02	4.810259e-02
3.627100e-01	4.598750e-02	4.797232e-02	4.601344e-02
3.669142e-01	4.396393e-02	4.587689e-02	4.398713e-02
3.711672e-01	4.200269e-02	4.384530e-02	4.202303e-02
3.754694e-01	4.010279e-02	4.187656e-02	4.012040e-02
3.798215e-01	3.826326e-02	3.996969e-02	3.827850e-02
3.842241e-01	3.648310e-02	3.812371e-02	3.649621e-02
3.886777e-01	3.476133e-02	3.633763e-02	3.477265e-02
3.931829e-01	3.309696e-02	3.461045e-02	3.310770e-02
3.977403e-01	3.148898e-02	3.294116e-02	3.149993e-02
4.023506e-01	2.993640e-02	3.132876e-02	2.994805e-02
4.070142e-01	2.843821e-02	2.977225e-02	2.845102e-02
4.117320e-01	2.699339e-02	2.827060e-02	2.700699e-02
4.165044e-01	2.560093e-02	2.682279e-02	2.561504e-02
4.213322e-01	2.425981e-02	2.542780e-02	2.427421e-02
4.262159e-01	2.296901e-02	2.408460e-02	2.298345e-02
4.311562e-01	2.172750e-02	2.279216e-02	2.174192e-02
4.361538e-01	2.053426e-02	2.154944e-02	2.054857e-02
4.412093e-01	1.938825e-02	2.035539e-02	1.940238e-02
4.463234e-01	1.828844e-02	1.920898e-02	1.830234e-02
4.514968e-01	1.723379e-02	1.810916e-02	1.724735e-02
4.567301e-01	1.622326e-02	1.705487e-02	1.623637e-02
4.620241e-01	1.525581e-02	1.604507e-02	1.526840e-02
4.673795e-01	1.433040e-02	1.507869e-02	1.434234e-02
4.727970e-01	1.344598e-02	1.415469e-02	1.345727e-02
4.782772e-01	1.260151e-02	1.327199e-02	1.261220e-02
4.838210e-01	1.179595e-02	1.242955e-02	1.180603e-02
4.894290e-01	1.102824e-02	1.162631e-02	1.103777e-02
4.951020e-01	1.029737e-02	1.086120e-02	1.030630e-02
5.008408e-01	9.602268e-03	1.013318e-02	9.610541e-03
5.066461e-01	8.941913e-03	9.441183e-03	8.949495e-03
5.125187e-01	8.315261e-03	8.784151e-03	8.322215e-03
5.184594e-01	7.721278e-03	8.161033e-03	7.727682e-03
5.244689e-01	7.158931e-03	7.570775e-03	7.164769e-03
5.305481e-01	6.627193e-03	7.012330e-03	6.632525e-03
5.366977e-01	6.125045e-03	6.484657e-03	6.129949e-03
5.429186e-01	5.651474e-03	5.986721e-03	5.655979e-03
5.492116e-01	5.205456e-03	5.517475e-03	5.209846e-03
5.555776e-01	4.785994e-03	5.075896e-03	4.790460e-03
5.620174e-01	4.392095e-03	4.660970e-03	4.396749e-03
5.685318e-01	4.022770e-03	4.271682e-03	4.027684e-03
5.751217e-01	3.677055e-03	3.907042e-03	3.682203e-03
5.817880e-01	3.353979e-03	3.566054e-03	3.359308e-03
5.885316e-01	3.052584e-03	3.247734e-03	3.058023e-03
5.953533e-01	2.771912e-03	2.951096e-03	2.777237e-03
6.022541e-01	2.511051e-03	2.675200e-03	2.516283e-03
6.092349e-01	2.269078e-03	2.419097e-03	2.274208e-03
6.162966e-01	2.045084e-03	2.181848e-03	2.050043e-03
6.234402e-01	1.838182e-03	1.962539e-03	1.843222e-03
6.306666e-01	1.647489e-03	1.760253e-03	1.652293e-03
6.379767e-01	1.472149e-03	1.574105e-03	1.476345e-03
6.453715e-01	1.311327e-03	1.403232e-03	1.314768e-03
6.528521e-01	1.164210e-03	1.246791e-03	1.166621e-03
6.604194e-01	1.029999e-03	1.103954e-03	1.031574e-03
6.680744e-01	9.079184e-04	9.739108e-04	9.091535e-04
6.758181e-01	7.972109e-04	8.558773e-04	7.984099e-04
6.836516e-01	6.971083e-04	7.490518e-04	6.984923e-04
6.915759e-01	6.069160e-04	6.527122e-04	6.085589e-04
6.995920e-01	5.260169e-04	5.662186e-04	5.277697e-04
7.077011e-01	4.537054e-04	4.888319e-04	4.554505e-04
7.159041e-01	3.893431e-04	4.198840e-04	3.913994e-04
7.242022e-01	3.323460e-04	3.587642e-04	3.357206e-04
7.325965e-01	2.819088e-04	3.046197e-04	2.849162e-04
7.410882e-01	2.375397e-04	2.569363e-04	2.395207e-04
7.496782e-01	1.987492e-04	2.152013e-04	1.996964e-04
7.583678e-01	1.649307e-04	1.787741e-04	1.588970e-04
7.671581e-01	1.358703e-04	1.474345e-04	1.300922e-04
7.760503e-01	1.110215e-04	1.206039e-04	1.082136e-04
7.850456e-01	8.989171e-05	9.776040e-05	8.996842e-05
7.941452e-01	7.206060e-05	7.845846e-05	7.539301e-05
8.033502e-01	5.709093e-05	6.223305e-05	6.004852e-05
8.126619e-01	4.465184e-05	4.873260e-05	4.608838e-05
8.220816e-01	3.443339e-05	3.762707e-05	3.480192e-05
8.316104e-01	2.614068e-05	2.860168e-05	2.621817e-05
8.412497e-01	1.949902e-05	2.136263e-05	1.968269e-05
8.510007e-01	1.425792e-05	1.564153e-05	1.437163e-05
8.608648e-01	1.019072e-05	1.119499e-05	1.024345e-05
8.708431e-01	7.094595e-06	7.804715e-06	7.190514e-06
8.809372e-01	4.789843e-06	5.276885e-06	4.773038e-06
8.911482e-01	3.118296e-06	3.440457e-06	3.149049e-06
9.014776e-01	1.943506e-06	2.147551e-06	1.950305e-06
9.119268e-01	1.148414e-06	1.270959e-06	1.143555e-06
9.224970e-01	6.349379e-07	7.038006e-07	6.488961e-07
9.331898e-01	3.225538e-07	3.581111e-07	3.046839e-07
9.440065e-01	1.465316e-07	1.629347e-07	1.470555e-07
9.549486e-01	5.738870e-08	6.390607e-08	4.457237e-08
9.660175e-01	1.827156e-08	2.036879e-08	1.204669e-08
9.772147e-01	4.459441e-09	4.984626e-09	8.994072e-10
9.885417e-01	5.212286e-10	5.930145e-10	-2.561273e-09
1.000000e+00	0.000000e+00	0.000000e+00	0.000000e+00
